10072
9909
10043
9902
10092
9928
9981
9982
10041
9949
9996
9987
9944
10069
9946
9937
10009
9884
9949
10047
9965
9981
10005
9897
9913
9998
9927
10029
9873
10031
9875
9979
10042
9981
9996
9939
9926
9954
9914
9974
9872
10053
9952
10000
9992
10046
9924
9856
10017
9987
9960
9955
9960
10034
10005
9998
9863
9994
9870
9876
9891
9944
10019
10023
9839
9927
9966
10018
9893
9973
9891
10015
9883
9833
9937
10012
9939
9956
9911
9876
9876
9830
9885
9818
9971
9991
9933
9847
9982
9943
9828
9863
9948
9843
9999
9892
10000
9806
9803
9957
9826
9983
9933
9878
9816
9799
9814
9887
9893
9841
9905
9812
9819
9932
9942
9959
9815
9787
9789
9930
9854
9867
9968
9874
9890
9910
9912
9965
9925
9821
9870
9811
9832
9883
9807
9791
9853
9787
9923
9909
9813
9861
9815
9901
9954
9841
9861
9945
9946
9937
9750
9761
9795
9873
9893
9835
9779
9842
9904
9936
9893
9751
9772
9866
9774
9890
9896
9753
9787
9903
9752
9801
9797
9852
9878
9871
9877
9842
9874
9867
9729
9875
9801
9858
9765
9741
9851
9898
9842
9812
9812
9716
9852
9817
9725
9767
9831
9855
9714
9826
9783
9844
9714
9853
9782
9787
9739
9718
9890
9815
9727
9755
9715
9860
9832
9713
9789
9744
9760
9857
9760
9692
9851
9771
9859
9684
9675
9727
9755
9758
9810
9803
9838
9738
9861
9824
9692
9789
9856
9803
9800
9708
9698
9843
9684
9655
9824
9754
9803
9657
9652
9787
9745
9699
9795
9801
9699
9675
9745
9685
9772
9714
9809
9678
9828
9829
9779
9681
9636
9677
9809
9658
9681
9678
9774
9666
9699
9700
9760
9768
9730
9754
9769
9735
9669
9777
9676
9695
9698
9723
9807
9615
9755
9731
9683
9760
9678
9700
9797
9650
9732
9615
9725
9620
9728
9660
9712
9723
9704
9730
9702
9684
9652
9765
9702
9625
9606
9749
9588
9661
9722
9762
9718
9641
9636
9737
9578
9727
9629
9720
9675
9679
9633
9569
9741
9690
9592
9617
9729
9653
9636
9687
9632
9687
9707
9707
9639
9573
9734
9643
9695
9636
9558
9561
9578
9631
9608
9687
9717
9591
9694
9623
9702
9610
9694
9655
9580
9729
9709
9530
9660
9714
9680
9546
9695
9550
9694
9721
9521
9634
9696
9644
9611
9679
9648
9567
9642
9652
9560
9617
9681
9613
9650
9575
9536
9604
9559
9625
9570
9549
9612
9568
9557
9525
9523
9687
9560
9537
9593
9634
9522
9503
9623
9567
9641
9679
9516
9510
9529
9509
9538
9565
9633
9642
9594
9558
9640
9624
9650
9547
9607
9585
9617
9639
9566
9555
9470
9574
9535
9594
9570
9655
9638
9531
9507
9513
9563
9586
9475
9582
9460
9489
9508
9462
9531
9582
9618
9453
9577
9467
9474
9597
9501
9628
9596
9581
9616
9621
9475
9567
9602
9476
9502
9612
9567
9500
9483
9441
9494
9450
9556
9591
9455
9532
9452
9429
9508
9422
9531
9464
9503
9408
9423
9421
9497
9416
9584
9558
9522
9578
9585
9481
9559
9442
9544
9449
9463
9489
9401
9392
9452
9472
9541
9492
9547
9412
9482
9559
9481
9446
9511
9500
9559
9413
9462
9411
9509
9411
9474
9530
9489
9530
9503
9446
9475
9382
9485
9510
9480
9371
9368
9395
9457
9463
9375
9396
9383
9519
9488
9396
9480
9505
9391
9459
9433
9376
9384
9486
9351
9403
9496
9465
9467
9397
9525
9451
9420
9363
9482
9331
9367
9349
9445
9464
9339
9348
9501
9400
9441
9514
9433
9404
9375
9367
9444
9316
9483
9354
9452
9493
9387
9480
9319
9425
9466
9411
9496
9339
9327
9348
9419
9467
9467
9368
9493
9332
9454
9437
9387
9449
9452
9381
9456
9365
9359
9367
9306
9346
9329
9430
9422
9401
9318
9425
9317
9328
9289
9276
9391
9402
9457
9349
9280
9388
9339
9328
9442
9290
9302
9438
9403
9353
9455
9279
9262
9276
9281
9354
9290
9367
9322
9428
9353
9445
9299
9261
9339
9308
9320
9284
9355
9437
9258
9356
9417
9427
9251
9417
9328
9269
9350
9373
9414
9335
9391
9277
9269
9400
9268
9326
9253
9254
9355
9415
9357
9373
9402
9404
9258
9355
9292
9333
9275
9267
9402
9373
9393
9305
9350
9264
9300
9294
9345
9359
9204
9361
9217
9309
9295
9264
9210
9354
9290
9203
9316
9369
9305
9372
9303
9199
9316
9288
9346
9373
9225
9224
9221
9231
9267
9279
9237
9330
9195
9356
9314
9271
9170
9248
9237
9178
9171
9242
9177
9236
9301
9332
9243
9210
9252
9279
9269
9303
9332
9317
9185
9172
9264
9261
9301
9207
9173
9265
9321
9311
9162
9209
9281
9281
9301
9318
9164
9238
9185
9271
9190
9188
9172
9153
9235
9167
9245
9160
9128
9245
9304
9179
9239
9196
9245
9243
9227
9178
9228
9270
9291
9141
9147
9288
9250
9228
9262
9160
9264
9196
9123
9220
9136
9271
9151
9243
9179
9108
9250
9121
9252
9275
9193
9278
9219
9205
9188
9190
9265
9240
9245
9269
9165
9186
9151
9180
9084
9207
9202
9214
9245
9189
9255
9111
9084
9128
9110
9187
9086
9122
9216
9208
9086
9175
9061
9206
9238
9103
9065
9075
9159
9076
9063
9105
9160
9082
9085
9190
9214
9082
9190
9171
9056
9145
9202
9125
9114
9042
9155
9110
9199
9072
9079
9073
9127
9207
9218
9177
9080
9080
9168
9146
9034
9167
9129
9065
9182
9145
9119
9142
9144
9128
9074
9082
9115
9140
9109
9067
9006
9167
9142
9132
9164
9079
9152
9014
9130
9055
9033
9173
9071
9036
9179
9006
9010
9178
9037
9047
9034
9081
9132
9161
9038
9028
9146
9014
9142
9078
9014
9022
9136
8999
9063
9037
9051
9108
8972
9002
8980
9043
8977
9040
8986
8953
9001
9046
8984
9146
9120
8992
9063
8982
9088
9122
9134
9112
9074
9024
9043
9064
8948
8934
9029
9094
8939
9044
9100
8986
8944
8970
9107
9062
9086
9084
8954
9041
8946
9052
8962
8984
9107
8962
9094
8929
8940
9068
8976
9002
9074
9039
9017
9004
8962
8979
9057
8955
8926
9063
8949
8948
9094
8926
9040
9002
8961
8948
9055
9068
9031
8922
8889
9051
9030
9056
9071
9051
8984
9010
8920
8947
9017
8923
8883
8931
9033
8928
9048
9056
8906
9029
8923
8912
9057
9045
9048
9006
8991
8903
9017
9000
8962
9028
8912
8986
8968
8878
8991
8853
8899
8977
8953
9019
8863
8887
8887
8903
8861
8937
8928
8886
8915
8870
9025
8943
8879
8949
9013
8851
9007
8850
8929
8909
8839
8948
8987
8997
8941
8931
8870
8938
8904
8940
8908
8999
8902
8993
8849
8874
8989
8950
8824
8940
8816
8948
8924
8868
8958
8855
8963
8950
8826
8922
8830
8959
8804
8873
8790
8826
8983
8802
8980
8972
8826
8957
8979
8781
8899
8858
8963
8777
8938
8856
8807
8822
8806
8916
8936
8935
8899
8879
8867
8815
8806
8934
8896
8828
8940
8772
8788
8937
8854
8931
8893
8784
8826
8867
8847
8856
8903
8921
8835
8768
8758
8859
8921
8797
8859
8932
8797
8910
8848
8879
8793
8826
8786
8922
8739
8907
8897
8739
8803
8736
8855
8879
8822
8762
8727
8829
8777
8784
8719
8864
8894
8846
8850
8852
8730
8816
8893
8885
8895
8813
8884
8805
8753
8737
8810
8872
8758
8781
8825
8824
8743
8859
8825
8831
8801
8805
8773
8796
8744
8692
8787
8829
8694
8771
8709
8822
8778
8689
8695
8816
8863
8772
8761
8821
8748
8700
8851
8729
8810
8781
8829
8757
8685
8807
8671
8694
8708
8727
8846
8821
8838
8748
8715
8702
8726
8821
8711
8670
8679
8808
8810
8718
8811
8729
8717
8797
8705
8792
8643
8737
8752
8806
8748
8766
8743
8680
8743
8793
8680
8629
8745
8736
8803
8636
8644
8758
8698
8708
8620
8656
8622
8761
8749
8800
8702
8618
8749
8659
8788
8770
8643
8662
8696
8612
8708
8786
8777
8780
8642
8771
8743
8789
8647
8653
8714
8604
8765
8741
8623
8664
8731
8608
8590
8648
8683
8652
8714
8694
8685
8582
8738
8595
8634
8720
8654
8633
8734
8603
8591
8755
8664
8705
8653
8695
8709
8710
8698
8672
8559
8661
8634
8674
8647
8693
8740
8660
8658
8618
8647
8672
8715
8617
8636
8620
8675
8710
8725
8669
8618
8620
8703
8599
8692
8665
8581
8675
8724
8702
8539
8556
8551
8707
8670
8625
8650
8591
8534
8630
8651
8681
8694
8685
8689
8636
8658
8510
8692
8523
8666
8573
8577
8625
8628
8691
8566
8594
8544
8556
8530
8556
8550
8572
8666
8626
8646
8553
8599
8656
8669
8661
8495
8651
8655
8639
8561
8524
8672
8560
8598
8620
8606
8642
8638
8527
8494
8578
8483
8569
8633
8475
8577
8512
8568
8579
8647
8526
8495
8526
8607
8578
8517
8515
8531
8496
8636
8503
8611
8641
8629
8574
8471
8548
8595
8515
8567
8586
8538
8608
8501
8563
8570
8517
8487
8545
8462
8526
8464
8450
8428
8457
8481
8501
8564
8482
8512
8612
8559
8527
8512
8549
8464
8606
8524
8587
8520
8420
8590
8536
8472
8449
8585
8529
8414
8592
8566
8487
8419
8440
8573
8548
8568
8443
8542
8527
8405
8389
8416
8571
8450
8430
8440
8451
8503
8566
8522
8562
8571
8421
8437
8392
8459
8375
8440
8482
8497
8447
8409
8385
8548
8423
8380
8496
8438
8489
8519
8504
8521
8480
8374
8443
8474
8352
8457
8369
8511
8395
8382
8533
8500
8536
8484
8480
8356
8387
8519
8484
8459
8343
8387
8487
8521
8426
8443
8467
8361
8451
8521
8327
8379
8352
8325
8509
8368
8482
8508
8326
8369
8500
8441
8469
8383
8475
8311
8413
8359
8372
8330
8374
8307
8471
8335
8350
8379
8485
8439
8488
8460
8380
8440
8454
8419
8401
8446
8411
8457
8409
8335
8299
8440
8361
8303
8411
8415
8440
8412
8419
8298
8450
8353
8456
8312
8310
8284
8317
8286
8269
8443
8328
8374
8391
8437
8348
8400
8447
8388
8391
8362
8417
8454
8325
8277
8312
8412
8427
8357
8416
8352
8302
8278
8441
8439
8323
8310
8353
8390
8390
8399
8236
8380
8241
8239
8391
8294
8247
8369
8358
8422
8399
8284
8303
8398
8272
8233
8351
8221
8290
8350
8292
8375
8248
8228
8383
8211
8262
8352
8234
8307
8401
8222
8384
8401
8284
8303
8205
8359
8216
8270
8287
8228
8288
8332
8229
8386
8212
8382
8247
8361
8373
8258
8200
8320
8374
8327
8265
8260
8197
8307
8193
8339
8175
8297
8288
8194
8346
8264
8173
8300
8342
8212
8216
8247
8338
8227
8354
8317
8339
8282
8269
8233
8233
8216
8157
8297
8241
8298
8211
8326
8240
8250
8315
8150
8185
8251
8187
8149
8318
8279
8165
8292
8168
8160
8252
8285
8280
8158
8185
8272
8317
8133
8205
8254
8129
8279
8295
8177
8285
8227
8128
8172
8227
8153
8270
8261
8118
8169
8141
8117
8234
8202
8230
8278
8255
8248
8254
8202
8236
8232
8159
8101
8268
8184
8246
8186
8117
8129
8189
8281
8271
8232
8254
8265
8258
8172
8200
8122
8230
8150
8160
8235
8160
8166
8147
8147
8143
8164
8265
8105
8132
8210
8226
8127
8186
8089
8226
8178
8067
8124
8177
8084
8252
8243
8233
8195
8174
8071
8083
8048
8151
8230
8211
8065
8158
8222
8097
8176
8052
8230
8126
8174
8165
8069
8137
8121
8162
8226
8188
8075
8146
8053
8087
8192
8180
8129
8132
8172
8093
8105
8168
8188
8033
8119
8208
8062
8012
8126
8045
8193
8044
8116
8189
8017
8018
8184
8117
8110
8035
8089
8195
8114
8014
8048
7994
7999
8082
8186
8143
8181
8128
8038
8108
8052
8046
8112
8035
8074
8177
8019
7985
8047
8092
8081
8132
8069
8157
8018
8006
8150
7969
8164
8048
8062
7977
8114
7997
8021
8103
8063
8061
8108
7987
8047
8137
8126
8103
8049
8038
8127
7992
8125
8004
7991
8037
8051
7975
8024
8090
8115
7983
8115
7985
7995
7957
7969
8064
8102
7992
8014
8056
8042
8016
8099
7970
7925
7971
7931
7949
7991
8043
8090
8003
8091
8058
8015
8073
8003
7956
7997
8041
7959
8059
8048
7961
7964
8030
7984
8085
8068
8090
7957
7920
8078
7938
7939
8085
7961
8047
8032
8013
7891
8068
8046
7935
8027
8023
7926
8022
8065
7949
7976
7929
7879
8057
7970
8002
7946
8032
7884
7967
8002
7964
8010
7893
7941
8015
7881
7987
8033
7986
7940
7976
7981
8045
7942
7968
8037
7973
7991
7956
7989
8030
8008
8002
7865
7862
8007
8002
7925
7941
7870
8002
7981
7871
8005
7920
7969
7893
7827
8017
7893
8004
7865
7909
7944
7895
7911
7830
7852
7939
7945
7874
7945
7818
7847
7982
7954
7859
7952
7861
7851
7990
7986
7976
7977
7948
7982
7930
7809
7841
7821
7918
7990
7851
7835
7871
7863
7932
7817
7807
7907
7802
7908
7884
7813
7972
7818
7863
7891
7824
7840
7903
7777
7910
7816
7942
7795
7906
7811
7883
7840
7861
7864
7905
7955
7813
7833
7780
7887
7882
7791
7811
7862
7887
7942
7919
7909
7934
7849
7877
7922
7939
7756
7751
7792
7818
7776
7821
7845
7886
7750
7752
7858
7912
7747
7860
7926
7797
7756
7851
7745
7752
7740
7839
7908
7848
7798
7782
7828
7721
7824
7900
7768
7815
7734
7819
7718
7885
7864
7892
7724
7775
7773
7789
7887
7733
7729
7878
7848
7893
7838
7891
7830
7811
7792
7751
7780
7793
7884
7875
7741
7849
7810
7876
7824
7742
7688
7682
7799
7800
7780
7674
7767
7696
7826
7854
7867
7855
7759
7716
7720
7795
7850
7672
7814
7722
7755
7689
7685
7738
7734
7847
7673
7710
7814
7849
7756
7819
7762
7813
7663
7651
7741
7678
7659
7697
7721
7819
7653
7833
7656
7726
7762
7666
7685
7795
7738
7671
7817
7690
7816
7748
7658
7722
7775
7665
7724
7802
7675
7723
7764
7735
7619
7787
7634
7767
7769
7637
7740
7756
7744
7774
7645
7800
7667
7797
7732
7598
7625
7697
7783
7622
7753
7632
7648
7726
7688
7697
7696
7757
7766
7745
7760
7749
7627
7751
7645
7741
7640
7673
7666
7726
7583
7657
7643
7761
7721
7699
7671
7695
7684
7700
7603
7639
7677
7680
7739
7582
7587
7596
7593
7584
7748
7733
7696
7688
7705
7717
7693
7640
7723
7596
7627
7597
7652
7633
7619
7585
7734
7550
7662
7542
7574
7684
7654
7609
7558
7542
7578
7700
7639
7689
7705
7560
7663
7532
7713
7559
7667
7628
7713
7602
7701
7545
7580
7705
7598
7527
7507
7588
7571
7605
7547
7535
7567
7697
7568
7515
7503
7604
7509
7561
7575
7650
7666
7683
7492
7572
7543
7590
7543
7493
7648
7545
7658
7645
7587
7527
7561
7601
7669
7554
7565
7494
7635
7625
7554
7499
7479
7557
7593
7624
7594
7476
7624
7481
7465
7557
7592
7535
7558
7465
7626
7534
7484
7474
7451
7566
7560
7590
7567
7463
7562
7562
7566
7572
7570
7500
7548
7533
7596
7508
7585
7615
7501
7626
7430
7443
7523
7544
7600
7540
7622
7615
7479
7594
7547
7463
7592
7470
7549
7545
7491
7542
7544
7608
7554
7519
7554
7467
7446
7519
7404
7582
7419
7474
7460
7485
7480
7489
7477
7590
7508
7399
7540
7508
7586
7422
7464
7521
7529
7483
7404
7492
7430
7566
7476
7538
7506
7483
7508
7547
7388
7482
7392
7510
7469
7531
7442
7425
7472
7394
7496
7535
7403
7362
7376
7425
7417
7555
7546
7382
7505
7406
7442
7356
7410
7513
7437
7514
7408
7411
7518
7497
7360
7399
7416
7472
7441
7396
7519
7413
7408
7453
7393
7359
7527
7371
7420
7383
7383
7380
7344
7455
7519
7326
7432
7324
7427
7509
7445
7428
7426
7401
7314
7314
7451
7314
7421
7363
7348
7315
7477
7347
7483
7402
7378
7359
7415
7342
7330
7418
7420
7340
7439
7300
7358
7478
7361
7479
7303
7435
7291
7382
7423
7415
7458
7410
7392
7460
7398
7302
7291
7451
7294
7398
7424
7453
7326
7330
7273
7425
7301
7459
7423
7435
7405
7263
7384
7282
7292
7301
7349
7444
7348
7407
7337
7255
7279
7300
7334
7368
7404
7408
7248
7244
7248
7424
7290
7251
7353
7287
7277
7258
7313
7416
7359
7332
7399
7289
7323
7289
7369
7408
7315
7410
7297
7237
7409
7386
7298
7260
7342
7324
7323
7333
7278
7317
7294
7385
7246
7249
7238
7265
7316
7275
7240
7373
7238
7256
7241
7303
7252
7342
7339
7332
7317
7246
7362
7192
7188
7280
7378
7358
7231
7323
7364
7237
7299
7308
7207
7353
7230
7219
7341
7215
7240
7341
7291
7327
7326
7206
7327
7261
7282
7248
7266
7309
7216
7208
7274
7275
7229
7238
7246
7335
7302
7286
7201
7227
7303
7242
7198
7156
7321
7191
7303
7260
7175
7145
7224
7177
7160
7144
7226
7265
7216
7134
7270
7178
7254
7311
7147
7210
7162
7169
7305
7195
7225
7150
7124
7181
7304
7273
7161
7294
7174
7138
7148
7238
7295
7299
7141
7114
7199
7176
7269
7167
7260
7145
7166
7116
7196
7150
7172
7273
7128
7209
7204
7266
7117
7236
7132
7156
7220
7183
7122
7101
7172
7199
7161
7156
7175
7205
7156
7136
7149
7222
7249
7075
7113
7162
7119
7103
7223
7214
7227
7094
7174
7204
7216
7171
7248
7055
7124
7169
7125
7052
7216
7089
7236
7121
7148
7218
7202
7233
7180
7189
7125
7199
7214
7044
7140
7136
7183
7125
7225
7059
7050
7158
7073
7205
7082
7041
7115
7190
7019
7102
7038
7070
7162
7173
7156
7200
7195
7109
7046
7110
7157
7081
7067
7075
7065
7078
7097
7039
7132
7085
7060
7049
7179
7059
7128
7072
7047
7014
7146
7023
7130
7040
7003
7087
7128
7036
7173
7088
6979
7112
7162
7044
7024
7043
7025
7160
6999
7091
7160
7126
7158
7013
7007
6977
7104
7090
7067
7090
7113
7056
7001
6989
7075
6963
7051
6986
7055
7052
7032
7067
6994
7005
7020
7142
7140
7125
7113
7063
7094
6945
6976
7057
6957
7051
6964
7023
7026
7111
6966
7087
6960
7039
7073
7028
7056
6996
7083
7028
6920
6959
6996
7058
7040
7053
6927
6950
6986
6949
7032
7073
6978
6976
6948
6953
7068
6907
6998
6949
6921
7049
7080
7090
6924
7005
7083
6958
6949
7082
7069
6936
7050
7008
6987
6936
7032
7080
7024
7027
6925
6967
6955
6994
7035
6942
7025
6947
6903
6935
6916
6917
7030
6910
7020
7023
6951
6987
6882
6981
7004
6917
6933
6928
7001
6945
6924
6940
6983
7009
7038
6989
7001
6990
6974
6869
6897
7003
6980
6952
6999
6952
6878
6955
6963
6868
6909
6904
7016
7018
6919
6937
6994
6927
6852
6963
6996
6969
6841
6925
6916
6928
6925
6884
7008
6925
6969
6930
6895
6910
6894
6942
6859
6822
6811
6818
6964
6837
6966
6996
6955
6925
6902
6815
6919
6877
6960
6842
6938
6868
6889
6830
6861
6816
6844
6906
6936
6965
6929
6917
6867
6842
6901
6968
6973
6903
6779
6834
6884
6857
6916
6938
6808
6845
6769
6805
6899
6786
6818
6820
6802
6854
6797
6934
6767
6935
6791
6909
6910
6897
6777
6841
6935
6759
6883
6793
6852
6896
6888
6798
6914
6927
6895
6906
6792
6741
6833
6867
6883
6775
6733
6786
6915
6878
6739
6737
6892
6794
6802
6894
6895
6853
6799
6816
6849
6795
6739
6856
6724
6755
6783
6867
6829
6735
6804
6757
6747
6879
6819
6825
6773
6721
6840
6702
6705
6789
6797
6740
6818
6790
6764
6880
6746
6707
6788
6750
6710
6849
6861
6775
6792
6800
6828
6711
6678
6804
6796
6722
6746
6751
6801
6847
6717
6767
6861
6783
6781
6677
6731
6775
6814
6776
6715
6723
6693
6689
6742
6671
6693
6653
6660
6726
6764
6787
6835
6774
6788
6841
6714
6709
6805
6736
6699
6643
6757
6731
6667
6775
6808
6789
6658
6639
6697
6824
6823
6793
6694
6675
6710
6682
6626
6758
6812
6675
6650
6674
6636
6742
6683
6802
6683
6704
6693
6715
6692
6672
6788
6781
6711
6782
6723
6663
6684
6700
6598
6699
6620
6683
6698
6739
6758
6620
6687
6686
6611
6757
6687
6679
6641
6744
6588
6632
6674
6740
6763
6619
6579
6700
6590
6728
6766
6648
6696
6637
6761
6580
6684
6623
6572
6683
6729
6687
6587
6608
6625
6584
6714
6661
6742
6664
6708
6739
6672
6699
6730
6673
6558
6740
6548
6573
6675
6627
6539
6629
6543
6707
6545
6653
6599
6678
6536
6714
6628
6603
6587
6571
6595
6601
6714
6656
6585
6713
6691
6701
6598
6703
6527
6643
6550
6709
6528
6550
6666
6652
6570
6642
6650
6578
6538
6676
6632
6535
6603
6566
6513
6589
6555
6522
6553
6546
6539
6662
6506
6581
6552
6637
6588
6583
6586
6659
6547
6544
6522
6545
6513
6561
6582
6532
6658
6573
6593
6497
6627
6505
6486
6465
6464
6524
6567
6631
6554
6540
6599
6644
6488
6509
6534
6471
6464
6549
6623
6558
6571
6628
6588
6514
6506
6530
6548
6566
6496
6569
6634
6510
6444
6493
6560
6618
6628
6556
6515
6563
6609
6541
6596
6488
6515
6474
6589
6482
6468
6529
6581
6464
6434
6516
6586
6589
6605
6586
6530
6541
6491
6430
6569
6412
6415
6520
6407
6490
6557
6482
6398
6397
6534
6463
6401
6491
6578
6468
6564
6401
6390
6585
6409
6529
6426
6465
6454
6557
6416
6505
6534
6410
6505
6519
6520
6483
6413
6400
6479
6450
6383
6396
6468
6499
6456
6380
6427
6521
6456
6531
6415
6500
6516
6444
6402
6369
6414
6480
6393
6534
6453
6509
6396
6414
6370
6354
6406
6459
6494
6404
6497
6401
6380
6409
6351
6354
6429
6436
6375
6430
6526
6370
6445
6475
6513
6351
6494
6474
6459
6400
6362
6397
6331
6365
6418
6436
6321
6322
6346
6359
6498
6461
6410
6493
6367
6383
6360
6439
6435
6484
6315
6467
6476
6473
6481
6419
6358
6447
6390
6480
6378
6414
6456
6371
6468
6462
6304
6326
6440
6426
6315
6451
6392
6345
6371
6428
6373
6424
6402
6457
6399
6416
6281
6426
6331
6280
6362
6349
6434
6343
6366
6455
6304
6389
6323
6335
6320
6392
6354
6252
6362
6397
6375
6365
6399
6424
6244
6304
6241
6329
6415
6371
6355
6322
6369
6381
6241
6288
6337
6230
6242
6325
6247
6345
6402
6414
6399
6232
6345
6220
6389
6373
6387
6331
6299
6241
6285
6288
6287
6296
6370
6322
6343
6252
6281
6210
6333
6305
6265
6323
6258
6219
6322
6372
6299
6217
6362
6384
6261
6293
6289
6245
6285
6341
6346
6221
6345
6215
6328
6332
6319
6195
6194
6184
6318
6367
6354
6280
6253
6170
6333
6278
6364
6183
6358
6336
6163
6340
6206
6176
6174
6315
6237
6287
6297
6331
6273
6340
6252
6164
6221
6191
6254
6264
6337
6255
6202
6158
6175
6212
6280
6178
6171
6179
6318
6153
6181
6299
6168
6292
6160
6162
6125
6128
6221
6196
6163
6221
6136
6161
6312
6193
6248
6170
6292
6205
6218
6212
6273
6157
6168
6127
6243
6118
6181
6254
6117
6281
6250
6141
6176
6239
6291
6188
6132
6160
6181
6123
6277
6166
6168
6175
6151
6163
6206
6218
6097
6151
6234
6107
6237
6088
6208
6176
6128
6197
6215
6151
6074
6138
6146
6165
6233
6247
6224
6222
6078
6251
6230
6246
6209
6185
6082
6073
6073
6201
6228
6152
6158
6174
6169
6077
6223
6215
6175
6061
6227
6144
6180
6066
6037
6160
6143
6179
6089
6049
6161
6112
6047
6207
6052
6163
6093
6066
6145
6146
6162
6036
6183
6107
6076
6029
6066
6170
6211
6137
6069
6069
6147
6045
6047
6144
6088
6144
6085
6131
6053
6119
6006
6145
6083
6160
6191
6117
6192
6146
6130
6044
6024
6012
6041
6095
6047
6012
6091
6127
6150
6070
5979
6068
6011
6175
6021
6146
6078
6089
6071
6032
6040
5994
5972
6134
6132
6109
5983
6065
6128
6139
6110
6144
6061
6128
6019
6130
6112
6019
6050
5961
6077
5969
6117
6090
6031
6069
5973
6094
5960
6082
6028
6116
5957
6017
6027
5965
6123
5950
5947
6001
6087
5996
6109
5940
6059
6111
6062
6120
5923
6011
6066
5965
6112
5924
6068
6024
6070
6070
5915
6004
6022
6022
6026
6005
5939
6071
5926
6042
5964
6065
5956
5925
6012
5923
5910
6044
5907
6090
5933
5903
6022
6071
6008
6044
5956
5999
6075
6066
6072
6013
5969
5930
5969
5978
5932
5979
5968
6002
5924
6000
5872
5876
6017
5898
5977
6053
5868
6023
5884
5890
5884
5996
5942
5996
6042
5896
5945
5949
6044
5983
6033
5953
6023
5919
5984
5847
5853
5886
5879
5902
5989
6012
5954
5910
5892
5949
5864
5972
5964
5907
5956
5880
5895
6000
5949
5958
5828
5884
5930
5887
5924
5825
5930
5902
5823
5913
5830
5860
5909
5975
5990
5908
5891
5877
5826
5997
5925
5838
5995
5800
5841
5820
5886
5944
5911
5981
5928
5846
5865
5815
5921
5854
5811
5835
5834
5942
5818
5981
5870
5954
5885
5788
5897
5916
5861
5803
5945
5872
5883
5779
5802
5829
5802
5807
5819
5824
5792
5909
5836
5797
5882
5784
5811
5849
5861
5914
5809
5853
5940
5796
5913
5889
5879
5837
5870
5821
5815
5812
5936
5905
5909
5787
5881
5834
5806
5869
5921
5790
5739
5760
5778
5898
5858
5777
5875
5821
5820
5842
5862
5782
5898
5754
5858
5852
5776
5908
5865
5903
5839
5766
5714
5852
5849
5889
5793
5805
5856
5781
5766
5711
5768
5799
5709
5798
5795
5751
5881
5713
5785
5875
5839
5832
5788
5744
5705
5740
5853
5794
5769
5752
5797
5859
5718
5708
5703
5728
5751
5767
5821
5806
5701
5712
5766
5816
5666
5852
5776
5861
5822
5836
5695
5740
5809
5722
5693
5678
5838
5686
5836
5658
5840
5670
5787
5748
5707
5672
5725
5658
5728
5676
5700
5651
5713
5676
5736
5707
5660
5771
5694
5716
5648
5717
5755
5706
5687
5753
5729
5688
5652
5664
5746
5637
5624
5736
5724
5646
5636
5669
5615
5667
5626
5629
5771
5805
5786
5620
5640
5624
5707
5626
5761
5609
5696
5759
5629
5755
5644
5722
5746
5741
5687
5635
5589
5691
5635
5607
5617
5735
5699
5725
5709
5611
5770
5737
5757
5653
5611
5656
5605
5757
5571
5594
5628
5660
5640
5734
5613
5597
5671
5708
5560
5726
5750
5684
5691
5613
5648
5602
5722
5706
5624
5583
5559
5551
5595
5657
5688
5735
5658
5718
5642
5626
5650
5560
5654
5658
5642
5730
5623
5603
5617
5617
5675
5686
5706
5649
5625
5699
5613
5604
5688
5686
5631
5604
5551
5698
5592
5586
5622
5654
5564
5669
5515
5602
5636
5696
5601
5524
5651
5577
5627
5499
5557
5523
5513
5634
5526
5536
5546
5571
5570
5563
5566
5549
5659
5639
5646
5569
5519
5608
5483
5492
5633
5667
5494
5596
5515
5636
5594
5471
5631
5533
5633
5639
5598
5563
5608
5564
5647
5475
5525
5495
5653
5562
5518
5613
5649
5640
5577
5571
5518
5568
5575
5571
5556
5524
5571
5539
5580
5608
5578
5557
5496
5506
5460
5513
5582
5585
5598
5562
5556
5435
5611
5503
5514
5499
5431
5536
5457
5603
5495
5523
5460
5490
5505
5585
5583
5599
5522
5591
5443
5464
5598
5440
5567
5480
5555
5447
5571
5596
5488
5564
5503
5447
5514
5541
5518
5528
5505
5407
5473
5450
5464
5535
5541
5572
5529
5429
5559
5479
5393
5512
5559
5566
5479
5400
5543
5466
5508
5541
5424
5532
5500
5507
5365
5369
5424
5371
5387
5545
5509
5371
5543
5542
5375
5405
5426
5395
5502
5424
5526
5466
5365
5504
5435
5389
5486
5486
5348
5521
5434
5430
5397
5409
5421
5471
5387
5394
5391
5454
5500
5360
5446
5373
5467
5394
5328
5493
5378
5351
5446
5469
5434
5346
5442
5325
5382
5323
5477
5462
5437
5450
5362
5320
5411
5344
5483
5342
5404
5463
5417
5315
5485
5304
5463
5319
5375
5322
5409
5430
5400
5331
5419
5470
5325
5357
5374
5359
5404
5302
5473
5398
5463
5392
5279
5445
5445
5327
5277
5278
5412
5452
5392
5396
5349
5406
5434
5367
5302
5317
5324
5442
5417
5287
5409
5379
5313
5378
5384
5389
5345
5281
5406
5346
5385
5319
5284
5422
5320
5291
5433
5277
5337
5319
5371
5236
5429
5429
5235
5377
5346
5403
5251
5401
5291
5274
5412
5358
5250
5221
5332
5260
5369
5411
5371
5281
5407
5237
5383
5213
5252
5394
5222
5380
5307
5318
5353
5248
5206
5379
5253
5296
5344
5328
5213
5285
5231
5373
5262
5241
5272
5274
5307
5258
5250
5350
5295
5325
5304
5281
5201
5239
5193
5279
5329
5221
5269
5339
5236
5227
5263
5352
5245
5219
5210
5201
5321
5354
5294
5202
5215
5170
5331
5270
5320
5169
5342
5224
5332
5269
5221
5256
5261
5174
5170
5309
5197
5263
5335
5183
5144
5214
5194
5171
5254
5143
5315
5316
5328
5199
5218
5187
5325
5196
5139
5228
5280
5253
5201
5218
5160
5148
5312
5166
5136
5117
5114
5126
5166
5143
5286
5165
5175
5301
5295
5296
5125
5169
5167
5151
5235
5232
5139
5097
5106
5287
5239
5258
5207
5101
5152
5147
5226
5261
5139
5109
5275
5131
5271
5276
5093
5214
5114
5245
5198
5228
5099
5250
5115
5160
5091
5157
5074
5192
5245
5213
5232
5092
5257
5251
5059
5093
5180
5248
5238
5175
5069
5094
5138
5109
5098
5091
5116
5066
5177
5056
5237
5188
5210
5050
5169
5079
5099
5129
5119
5184
5222
5126
5079
5058
5079
5082
5172
5110
5203
5064
5107
5094
5123
5078
5131
5148
5176
5212
5081
5141
5138
5084
5190
5035
5158
5030
5039
5167
5048
5063
5184
5133
5157
5043
5193
5048
5025
5142
5129
5153
5037
5112
5151
5153
5004
5015
5110
5060
5036
5047
5007
5082
5001
5161
5107
5118
5133
5144
4984
5129
5138
5043
4998
5160
5075
4984
5015
5017
5128
5149
5117
5014
5096
5109
4970
5014
5057
5149
5107
4960
5087
5038
5030
4978
4953
5089
5020
5095
4955
4996
4973
5126
5099
5080
5108
5122
4987
4950
5020
4951
4954
5130
5033
5111
5079
4934
5124
5035
4982
5043
5017
4923
4963
5014
4957
4965
5019
5076
4971
4965
5001
4972
4981
5042
4944
4921
5101
5045
4998
4944
5033
5020
5073
4932
4964
4928
5024
5079
4969
4921
5064
5038
4927
4960
4896
4941
4947
5065
4913
4929
4891
5049
4897
5079
4981
4891
4907
4957
5004
5032
5061
5051
4917
5059
4976
4943
4945
4963
4922
5028
5011
4897
4991
5018
4994
5048
5033
4885
4908
4981
5043
4891
5014
4850
4926
5026
4967
4890
5009
4862
4988
4876
5026
4871
4957
4987
4866
4894
5005
4938
4944
4872
4877
5004
4901
4829
4955
5020
4945
4862
4890
4903
4894
4866
4891
4910
4853
4928
4959
4863
4932
5005
4924
4995
5007
4894
4884
4911
4933
4830
4811
4850
4875
4867
4850
4877
4869
4821
4946
4983
4982
4943
4848
4862
4949
4959
4957
4905
4904
4792
4890
4812
4936
4902
4852
4822
4970
4947
4780
4798
4781
4936
4813
4824
4895
4926
4871
4903
4868
4959
4898
4874
4957
4768
4831
4777
4796
4775
4865
4795
4879
4801
4943
4789
4773
4796
4829
4774
4925
4908
4898
4778
4789
4820
4922
4836
4883
4861
4925
4905
4878
4806
4870
4754
4751
4926
4905
4740
4745
4758
4810
4867
4914
4740
4730
4826
4863
4834
4755
4805
4834
4733
4861
4754
4713
4843
4852
4798
4813
4763
4733
4819
4732
4708
4835
4734
4833
4770
4842
4795
4707
4716
4795
4786
4840
4732
4717
4885
4760
4865
4825
4710
4877
4856
4713
4736
4768
4684
4763
4753
4809
4815
4714
4764
4713
4674
4804
4739
4712
4813
4779
4673
4734
4730
4704
4752
4719
4695
4765
4731
4707
4797
4703
4795
4788
4833
4793
4729
4744
4838
4722
4693
4704
4789
4656
4769
4720
4740
4756
4717
4661
4640
4759
4715
4665
4732
4778
4663
4689
4657
4801
4684
4712
4716
4718
4765
4743
4700
4683
4714
4633
4802
4682
4792
4764
4735
4744
4719
4784
4607
4662
4632
4633
4761
4634
4612
4611
4729
4631
4621
4668
4679
4695
4604
4662
4734
4749
4773
4718
4640
4749
4593
4642
4777
4605
4636
4775
4620
4630
4589
4771
4704
4683
4689
4610
4746
4631
4661
4703
4631
4635
4689
4738
4604
4615
4584
4653
4704
4564
4709
4594
4618
4646
4645
4676
4562
4577
4646
4578
4550
4598
4725
4584
4626
4643
4641
4670
4735
4589
4642
4642
4565
4584
4627
4701
4589
4715
4637
4666
4669
4598
4681
4651
4577
4611
4561
4697
4624
4690
4622
4576
4518
4518
4598
4680
4547
4657
4517
4600
4568
4584
4580
4676
4696
4644
4644
4616
4563
4539
4680
4507
4557
4523
4532
4528
4562
4684
4611
4593
4664
4613
4639
4638
4666
4480
4598
4549
4537
4506
4506
4499
4669
4650
4639
4535
4656
4507
4518
4491
4494
4557
4492
4479
4601
4585
4538
4482
4588
4620
4612
4554
4624
4597
4590
4596
4607
4453
4590
4544
4485
4603
4457
4481
4481
4545
4622
4632
4456
4562
4598
4597
4611
4553
4595
4494
4570
4535
4598
4606
4448
4445
4429
4463
4587
4538
4555
4430
4497
4544
4565
4535
4607
4556
4465
4541
4600
4462
4450
4469
4462
4424
4601
4472
4536
4549
4501
4452
4488
4512
4500
4447
4435
4445
4508
4390
4432
4459
4570
4512
4516
4433
4525
4430
4433
4502
4395
4457
4398
4393
4465
4459
4498
4464
4491
4495
4396
4404
4492
4493
4510
4491
4465
4518
4383
4529
4522
4522
4489
4477
4471
4482
4550
4526
4467
4478
4352
4438
4497
4398
4503
4398
4425
4389
4344
4531
4532
4376
4488
4341
4465
4402
4457
4382
4512
4412
4471
4442
4401
4490
4489
4347
4475
4400
4367
4331
4479
4333
4457
4421
4381
4336
4429
4417
4460
4469
4499
4309
4334
4352
4354
4493
4356
4436
4310
4326
4345
4460
4346
4312
4295
4469
4433
4341
4438
4403
4366
4366
4440
4418
4475
4379
4314
4403
4368
4351
4340
4300
4429
4460
4305
4357
4277
4452
4318
4281
4306
4381
4349
4315
4386
4320
4372
4436
4425
4268
4270
4265
4343
4381
4417
4255
4440
4379
4437
4290
4295
4443
4397
4319
4390
4253
4388
4395
4316
4272
4373
4335
4261
4270
4393
4366
4268
4403
4376
4377
4257
4424
4416
4318
4249
4285
4309
4248
4300
4250
4262
4351
4355
4275
4243
4297
4227
4285
4251
4219
4248
4278
4308
4347
4307
4353
4236
4295
4342
4365
4241
4277
4344
4308
4329
4280
4349
4204
4320
4247
4305
4374
4352
4237
4291
4247
4289
4300
4248
4265
4247
4341
4306
4227
4314
4328
4277
4234
4292
4282
4280
4322
4328
4223
4291
4197
4234
4186
4310
4207
4296
4183
4174
4319
4275
4173
4304
4327
4315
4273
4150
4301
4244
4145
4323
4309
4314
4212
4265
4203
4295
4204
4307
4226
4305
4260
4270
4204
4271
4142
4286
4150
4258
4280
4303
4300
4158
4283
4253
4146
4208
4270
4201
4127
4194
4237
4286
4175
4204
4240
4276
4160
4301
4232
4271
4299
4188
4260
4183
4099
4241
4250
4165
4176
4154
4239
4144
4192
4174
4272
4114
4134
4155
4260
4210
4111
4222
4262
4273
4120
4120
4230
4127
4230
4159
4205
4245
4186
4192
4097
4231
4123
4169
4183
4160
4220
4137
4159
4152
4242
4215
4237
4198
4183
4212
4221
4167
4065
4174
4220
4147
4138
4074
4162
4184
4128
4092
4147
4227
4232
4121
4117
4036
4099
4155
4109
4126
4055
4169
4075
4142
4043
4063
4162
4114
4203
4121
4217
4093
4075
4057
4198
4160
4163
4192
4179
4088
4021
4076
4074
4122
4010
4092
4126
4062
4094
4006
4044
4164
4068
4144
4061
4101
4006
4075
4190
4151
4070
4090
4056
4100
4119
4122
4113
3990
4097
4150
4164
4057
4146
4139
4090
4047
4077
4080
4172
3997
4043
4169
4013
4135
4011
3976
3990
4032
4096
4106
4117
3994
4081
4054
4004
4103
4052
4011
4116
4052
4051
4005
4013
3984
4030
4145
4036
4039
4039
3952
3976
4134
4060
4137
4073
4133
4044
4101
3968
4056
4086
4028
4109
3937
3981
4063
3939
4050
4102
4007
4016
4069
4030
3980
4015
3944
4010
4055
4063
4089
4045
4071
4017
4022
3986
4050
3942
3937
4072
4089
3996
4064
3968
3954
4064
4094
3974
4064
3922
3981
4024
4061
3984
4048
4070
3982
3921
4071
4031
3999
3952
4007
3901
3980
3942
3993
3933
3912
3968
3972
3884
3934
4006
3922
4038
3930
3901
4058
4000
3901
4006
4055
3977
4027
3960
4026
3867
3894
4005
3863
3861
3960
3971
3975
3950
3916
4019
3966
3891
3943
3969
4018
4023
4025
4017
3924
4029
3963
4008
3981
3841
3923
3970
3951
3973
3968
3954
3906
3959
3918
4019
3991
3935
3878
3896
3984
3960
3905
3841
3852
4005
3931
3812
3953
3889
3893
3949
3985
3826
3815
3853
3976
3900
3814
3905
3927
3856
3920
3793
3937
3817
3958
3964
3810
3836
3970
3854
3981
3971
3800
3975
3926
3802
3922
3848
3913
3903
3916
3825
3963
3916
3772
3937
3790
3922
3884
3809
3886
3915
3788
3766
3879
3898
3946
3927
3916
3857
3905
3872
3767
3917
3906
3755
3914
3841
3774
3808
3907
3912
3808
3854
3745
3841
3929
3863
3823
3908
3833
3919
3782
3892
3750
3767
3737
3855
3921
3782
3824
3745
3914
3788
3867
3815
3885
3726
3822
3905
3913
3725
3874
3788
3711
3793
3783
3858
3815
3894
3719
3828
3747
3823
3783
3721
3698
3855
3856
3770
3723
3745
3884
3820
3863
3781
3847
3818
3848
3850
3711
3732
3779
3871
3745
3761
3764
3677
3822
3792
3737
3803
3773
3698
3774
3779
3789
3854
3810
3735
3724
3736
3794
3833
3828
3812
3670
3807
3676
3665
3839
3838
3741
3756
3803
3744
3739
3665
3775
3763
3805
3809
3670
3722
3759
3781
3824
3772
3671
3760
3751
3645
3827
3647
3706
3761
3798
3793
3759
3625
3676
3758
3746
3721
3640
3619
3703
3647
3770
3663
3771
3707
3741
3644
3640
3689
3782
3666
3672
3647
3628
3628
3619
3636
3745
3770
3654
3616
3700
3628
3597
3728
3716
3775
3679
3688
3729
3698
3672
3619
3782
3677
3677
3610
3592
3678
3713
3731
3713
3592
3676
3623
3609
3678
3729
3687
3587
3755
3566
3662
3621
3615
3714
3569
3731
3690
3670
3601
3710
3651
3569
3733
3739
3552
3551
3667
3601
3718
3690
3695
3732
3643
3600
3684
3666
3587
3562
3574
3539
3606
3564
3604
3697
3555
3697
3597
3686
3648
3574
3555
3581
3603
3538
3564
3570
3583
3605
3531
3663
3606
3646
3647
3562
3574
3584
3535
3555
3669
3639
3634
3685
3614
3671
3646
3679
3595
3675
3635
3532
3658
3551
3497
3674
3605
3625
3612
3593
3653
3595
3674
3639
3512
3646
3650
3625
3658
3544
3667
3550
3528
3649
3588
3491
3637
3647
3593
3582
3491
3570
3571
3598
3488
3588
3507
3494
3507
3468
3522
3519
3603
3552
3455
3465
3560
3586
3460
3557
3544
3522
3557
3530
3587
3533
3441
3459
3497
3494
3571
3491
3518
3623
3446
3536
3588
3446
3533
3565
3591
3455
3536
3490
3569
3503
3449
3454
3612
3434
3512
3456
3513
3527
3462
3540
3606
3543
3565
3591
3509
3495
3492
3453
3463
3450
3522
3496
3435
3506
3529
3537
3582
3396
3466
3449
3486
3537
3445
3521
3446
3495
3492
3510
3433
3515
3423
3380
3484
3410
3471
3404
3415
3537
3512
3513
3407
3534
3539
3481
3415
3453
3480
3559
3424
3423
3432
3515
3534
3369
3524
3513
3477
3439
3390
3490
3356
3371
3491
3459
3481
3455
3503
3405
3355
3425
3527
3497
3424
3397
3347
3506
3345
3476
3366
3425
3384
3346
3429
3364
3447
3490
3444
3470
3500
3478
3402
3480
3428
3411
3467
3510
3503
3417
3341
3458
3336
3423
3336
3481
3328
3317
3367
3484
3350
3453
3372
3399
3347
3384
3466
3323
3492
3370
3371
3346
3317
3351
3359
3448
3354
3319
3375
3315
3369
3421
3373
3466
3316
3308
3387
3391
3451
3336
3458
3320
3461
3448
3423
3449
3347
3361
3403
3341
3269
3450
3418
3334
3433
3418
3355
3452
3411
3432
3416
3400
3353
3367
3357
3390
3251
3411
3417
3321
3318
3269
3281
3277
3398
3297
3406
3285
3374
3427
3242
3236
3306
3356
3319
3415
3244
3358
3262
3367
3345
3259
3386
3274
3288
3267
3363
3234
3268
3379
3322
3254
3276
3285
3378
3371
3262
3403
3237
3378
3314
3236
3378
3341
3369
3288
3288
3315
3295
3257
3212
3273
3226
3264
3378
3216
3227
3345
3266
3333
3308
3247
3308
3211
3264
3293
3342
3209
3213
3327
3290
3213
3312
3295
3236
3343
3348
3193
3229
3230
3254
3273
3230
3272
3215
3171
3322
3226
3220
3160
3245
3268
3183
3170
3339
3216
3230
3202
3200
3311
3301
3184
3166
3321
3176
3231
3325
3189
3205
3200
3297
3223
3280
3145
3219
3146
3158
3323
3203
3152
3242
3298
3230
3262
3318
3304
3196
3287
3183
3197
3131
3279
3132
3205
3217
3136
3157
3126
3246
3139
3197
3108
3146
3153
3205
3173
3231
3219
3137
3256
3282
3108
3151
3277
3171
3283
3174
3164
3112
3252
3154
3245
3189
3195
3205
3106
3261
3097
3152
3184
3204
3257
3153
3101
3211
3251
3223
3205
3146
3166
3243
3083
3083
3200
3102
3240
3102
3118
3099
3088
3128
3244
3240
3238
3165
3082
3211
3104
3149
3156
3162
3181
3154
3117
3149
3047
3049
3105
3085
3056
3197
3131
3186
3108
3207
3050
3192
3068
3172
3223
3190
3125
3101
3127
3206
3068
3052
3037
3016
3014
3135
3105
3130
3025
3114
3066
3077
3019
3179
3048
3185
3139
3146
3129
3034
3190
3148
3096
3108
3155
3015
3102
3123
3125
3054
3094
3149
2989
3046
3046
3120
3158
3094
2983
3137
2982
3171
3136
2998
3136
3084
3056
3009
3146
3116
3042
2990
3006
2993
3008
3145
3012
3111
2992
3109
3051
3152
3109
2969
3145
2982
2987
3043
3015
3088
3029
3078
3114
2964
3139
3008
3138
2973
3033
2979
2986
3087
3076
3007
3062
2971
3059
2983
3089
3069
3066
2967
3106
2972
3026
3021
2922
3027
3014
3021
3095
2958
3001
3043
3072
3063
3111
3091
3093
2948
2928
3024
2986
3012
2949
2903
2971
2922
2982
2917
3000
2996
2938
3048
3084
2952
2970
2989
2973
2901
2985
2947
3029
2901
2964
3006
2992
3031
3031
3074
2989
3070
2931
3057
3019
3050
3031
3038
3025
2889
3061
3040
2978
2985
3034
3050
2941
3025
2997
2960
2931
3029
3001
2907
2858
3027
3048
2939
2882
2989
2971
3029
2981
2848
2865
2863
2929
3007
2979
2944
2991
2909
3013
2910
2839
2883
2903
3005
2929
2887
2997
2961
2864
2936
2902
2915
2909
2832
2925
2884
2935
3011
2991
2936
2934
2884
2873
2947
2950
2921
2836
2913
2843
3003
2863
2956
3000
2958
2830
2951
2828
2955
2911
2975
2954
2882
2863
2819
2824
2839
2982
2789
2904
2915
2826
2793
2785
2810
2861
2882
2904
2903
2782
2939
2787
2783
2884
2787
2956
2921
2846
2862
2924
2783
2937
2776
2853
2814
2794
2874
2845
2788
2845
2953
2816
2826
2924
2889
2901
2771
2858
2880
2831
2815
2803
2818
2824
2853
2800
2849
2888
2907
2854
2804
2759
2746
2894
2823
2889
2885
2900
2811
2756
2881
2760
2878
2859
2892
2754
2749
2720
2870
2915
2793
2754
2866
2792
2756
2871
2853
2819
2807
2738
2732
2775
2746
2826
2778
2815
2719
2884
2884
2859
2719
2785
2829
2741
2855
2867
2723
2735
2840
2761
2763
2828
2865
2699
2766
2792
2733
2774
2860
2810
2806
2792
2792
2733
2685
2707
2814
2851
2840
2711
2811
2745
2734
2839
2714
2733
2842
2747
2828
2774
2682
2663
2837
2657
2685
2701
2821
2719
2813
2801
2655
2713
2752
2736
2826
2730
2706
2655
2673
2669
2804
2683
2722
2695
2656
2812
2764
2799
2751
2689
2676
2791
2671
2679
2790
2666
2815
2691
2802
2779
2706
2737
2656
2775
2681
2791
2769
2751
2696
2716
2623
2630
2705
2794
2706
2760
2704
2775
2657
2604
2751
2633
2616
2694
2627
2643
2658
2751
2784
2743
2672
2624
2719
2663
2594
2657
2605
2712
2741
2676
2732
2586
2630
2635
2758
2574
2760
2760
2661
2696
2646
2691
2706
2761
2674
2735
2573
2738
2682
2731
2617
2554
2580
2705
2732
2611
2554
2559
2736
2614
2589
2627
2730
2660
2570
2625
2628
2554
2542
2574
2697
2541
2603
2617
2555
2702
2532
2575
2626
2627
2587
2685
2708
2530
2578
2575
2716
2549
2582
2632
2615
2589
2677
2616
2581
2513
2649
2597
2703
2655
2685
2669
2575
2671
2626
2611
2536
2631
2557
2622
2644
2594
2523
2566
2654
2656
2542
2593
2494
2661
2582
2593
2658
2561
2642
2591
2510
2486
2570
2656
2536
2625
2530
2591
2541
2598
2575
2609
2579
2638
2556
2599
2641
2555
2477
2518
2463
2603
2491
2573
2479
2570
2622
2599
2459
2634
2462
2478
2487
2577
2518
2627
2553
2548
2524
2520
2564
2517
2629
2437
2534
2561
2511
2616
2507
2613
2467
2621
2545
2515
2446
2546
2497
2539
2429
2580
2584
2427
2511
2458
2509
2499
2576
2591
2587
2495
2465
2521
2429
2569
2531
2413
2468
2568
2561
2479
2532
2490
2403
2488
2553
2439
2425
2411
2453
2427
2495
2584
2552
2574
2407
2415
2508
2511
2482
2415
2460
2401
2416
2480
2537
2391
2487
2386
2502
2415
2487
2400
2427
2422
2368
2392
2395
2468
2370
2501
2431
2549
2495
2432
2355
2406
2478
2496
2528
2391
2462
2502
2352
2513
2400
2373
2381
2431
2373
2394
2371
2484
2451
2487
2428
2531
2513
2524
2378
2374
2490
2412
2454
2490
2340
2420
2442
2392
2476
2403
2513
2340
2327
2417
2319
2332
2318
2496
2323
2347
2439
2339
2379
2451
2341
2366
2329
2455
2420
2451
2438
2346
2386
2388
2427
2344
2387
2324
2291
2464
2388
2436
2444
2290
2449
2449
2329
2468
2299
2297
2396
2313
2397
2383
2310
2400
2324
2393
2431
2463
2278
2349
2441
2362
2449
2394
2404
2274
2355
2271
2340
2409
2429
2297
2410
2289
2449
2420
2325
2277
2372
2311
2311
2297
2256
2395
2323
2423
2432
2320
2245
2343
2295
2276
2237
2239
2378
2421
2423
2238
2365
2250
2409
2343
2268
2341
2298
2326
2376
2300
2254
2237
2242
2284
2404
2301
2358
2394
2387
2236
2374
2238
2277
2400
2339
2372
2280
2368
2306
2336
2210
2380
2273
2326
2209
2252
2222
2212
2273
2220
2217
2338
2372
2382
2197
2294
2209
2317
2202
2180
2288
2253
2204
2367
2269
2345
2357
2330
2230
2202
2220
2329
2238
2344
2277
2296
2305
2204
2199
2268
2190
2281
2188
2232
2244
2198
2282
2208
2277
2157
2298
2319
2326
2228
2299
2315
2307
2173
2217
2217
2298
2152
2148
2291
2182
2311
2288
2243
2200
2328
2328
2195
2208
2196
2167
2307
2238
2127
2309
2295
2212
2180
2244
2270
2144
2243
2129
2244
2216
2113
2193
2240
2168
2303
2203
2135
2204
2179
2295
2204
2274
2117
2110
2102
2232
2185
2274
2130
2181
2255
2263
2210
2176
2156
2180
2283
2213
2249
2138
2225
2171
2135
2171
2211
2136
2164
2173
2094
2243
2181
2193
2196
2245
2229
2075
2174
2247
2097
2205
2202
2098
2137
2200
2104
2154
2209
2159
2060
2225
2097
2218
2165
2088
2226
2137
2114
2160
2093
2048
2091
2120
2076
2146
2095
2220
2037
2101
2042
2204
2146
2193
2174
2047
2184
2082
2094
2117
2102
2109
2044
2145
2156
2089
2081
2060
2053
2195
2077
2038
2143
2182
2076
2073
2051
2069
2151
2006
2165
2085
2091
2073
1999
2099
2006
2188
2014
2088
2101
2098
2144
2102
2148
2178
2127
2095
2109
2132
2074
1983
2098
2159
2142
2172
1976
2033
2080
2026
2136
1996
2071
2162
2150
2058
2039
2079
1996
2131
2156
2095
2091
2062
2002
2054
2140
2017
1976
1954
2115
2117
2084
1949
2040
2122
2036
2013
2130
2080
2091
1946
2023
1975
2089
2052
1956
2121
2060
2063
2024
1965
2045
1970
1984
2124
1972
2045
1947
1967
2004
2102
2046
1933
2081
2086
1993
2046
1998
2076
2036
1965
2085
2012
2020
2047
2079
2009
2051
2066
1979
1957
2009
2078
2086
2043
1951
2003
2082
1920
2001
2037
2028
2073
1959
1968
1917
2069
1913
1892
1964
2073
2039
2043
1918
2049
1899
1922
1884
2011
2010
1917
2008
2002
1910
2002
2007
2061
1903
1934
1933
1944
1871
1861
1964
1966
2032
1857
1967
1898
2041
2045
1860
1871
1851
1961
2015
1884
1875
1984
1989
1999
1860
1906
1925
2014
1885
1861
1966
1938
1918
1849
1874
1899
1917
1848
1833
1936
1940
1891
1834
2018
1939
1877
1906
1855
1941
1975
1869
2001
1852
1906
1876
1946
1946
1853
1928
1855
1959
1974
1901
1880
1961
1971
1860
1812
1894
1890
1817
1883
1863
1847
1918
1901
1984
1853
1865
1977
1981
1784
1945
1959
1915
1892
1806
1806
1919
1831
1826
1880
1954
1966
1790
1884
1772
1927
1923
1871
1809
1779
1909
1919
1810
1937
1761
1930
1810
1792
1899
1946
1923
1836
1936
1846
1830
1943
1794
1883
1887
1881
1805
1853
1767
1798
1789
1876
1743
1780
1748
1906
1893
1820
1772
1920
1840
1798
1894
1880
1768
1777
1842
1792
1817
1851
1898
1737
1900
1849
1767
1721
1752
1800
1816
1814
1762
1765
1870
1753
1710
1820
1796
1883
1723
1886
1703
1813
1809
1707
1782
1704
1738
1752
1808
1860
1822
1866
1787
1767
1793
1808
1706
1716
1857
1766
1850
1857
1742
1831
1800
1760
1804
1758
1705
1864
1816
1694
1689
1689
1761
1823
1692
1825
1665
1692
1763
1779
1674
1821
1728
1844
1846
1838
1807
1729
1673
1660
1699
1660
1829
1742
1687
1723
1829
1715
1815
1789
1704
1811
1831
1829
1668
1735
1676
1701
1709
1768
1819
1790
1704
1799
1685
1628
1669
1752
1787
1769
1796
1641
1662
1685
1763
1773
1784
1800
1690
1610
1612
1766
1801
1769
1654
1794
1742
1609
1604
1745
1742
1677
1660
1752
1610
1591
1625
1696
1722
1650
1683
1735
1618
1624
1729
1770
1692
1724
1596
1709
1710
1652
1750
1759
1620
1753
1579
1600
1699
1718
1755
1612
1564
1685
1736
1661
1703
1607
1705
1573
1582
1686
1667
1600
1684
1618
1672
1630
1648
1723
1576
1698
1648
1676
1580
1737
1684
1572
1614
1546
1686
1708
1657
1711
1542
1728
1600
1599
1530
1714
1528
1525
1618
1535
1616
1607
1661
1544
1542
1684
1677
1605
1684
1648
1685
1639
1625
1531
1559
1608
1535
1508
1520
1603
1519
1504
1546
1543
1577
1653
1683
1553
1592
1640
1523
1523
1566
1606
1651
1488
1630
1541
1593
1617
1604
1539
1559
1594
1552
1599
1617
1543
1608
1631
1594
1641
1556
1488
1607
1586
1476
1499
1590
1519
1654
1567
1629
1610
1577
1572
1475
1652
1626
1591
1479
1635
1563
1481
1450
1585
1489
1500
1513
1498
1624
1608
1489
1607
1558
1627
1479
1588
1513
1534
1544
1552
1457
1514
1452
1593
1457
1518
1508
1447
1485
1472
1491
1541
1567
1485
1491
1422
1485
1469
1518
1554
1434
1414
1547
1589
1537
1481
1516
1592
1592
1530
1404
1577
1500
1558
1590
1486
1564
1485
1550
1506
1479
1503
1441
1423
1546
1404
1486
1561
1416
1538
1387
1487
1520
1513
1412
1572
1544
1493
1553
1444
1529
1507
1557
1390
1458
1482
1482
1543
1372
1475
1480
1430
1408
1386
1547
1526
1515
1401
1388
1484
1442
1515
1496
1466
1393
1497
1497
1371
1497
1385
1398
1485
1481
1448
1418
1402
1393
1369
1334
1469
1486
1352
1457
1371
1351
1478
1381
1456
1469
1510
1330
1396
1364
1423
1458
1493
1484
1439
1320
1349
1465
1450
1502
1450
1397
1368
1356
1334
1409
1398
1492
1369
1302
1473
1392
1489
1331
1312
1450
1338
1373
1328
1473
1386
1329
1442
1457
1444
1301
1299
1469
1412
1390
1445
1361
1300
1449
1282
1366
1304
1290
1415
1377
1451
1444
1460
1413
1325
1451
1371
1262
1389
1364
1258
1296
1386
1361
1404
1341
1328
1273
1298
1328
1416
1413
1437
1292
1348
1348
1414
1404
1429
1347
1349
1302
1257
1298
1257
1294
1266
1423
1323
1293
1344
1273
1292
1323
1236
1401
1327
1308
1364
1337
1367
1360
1407
1276
1364
1252
1356
1293
1299
1216
1363
1238
1340
1311
1356
1248
1218
1299
1374
1259
1259
1318
1324
1259
1382
1217
1275
1307
1244
1337
1302
1353
1351
1374
1259
1269
1363
1299
1372
1294
1273
1364
1292
1190
1328
1275
1365
1323
1341
1264
1343
1214
1190
1219
1211
1342
1185
1316
1207
1302
1304
1323
1196
1182
1260
1287
1214
1308
1322
1294
1212
1338
1186
1301
1202
1216
1332
1200
1324
1317
1290
1314
1138
1325
1223
1253
1240
1200
1149
1233
1207
1204
1204
1249
1232
1243
1241
1125
1299
1271
1152
1119
1187
1263
1275
1208
1148
1133
1276
1149
1170
1135
1122
1242
1131
1119
1140
1280
1232
1162
1251
1131
1172
1162
1223
1154
1253
1181
1219
1249
1089
1262
1103
1087
1275
1209
1211
1238
1146
1225
1156
1253
1173
1211
1099
1188
1081
1166
1214
1172
1239
1128
1215
1228
1236
1190
1156
1259
1176
1126
1167
1190
1111
1092
1094
1097
1217
1066
1213
1219
1103
1193
1227
1088
1089
1221
1121
1236
1139
1169
1062
1061
1107
1188
1088
1196
1178
1219
1039
1132
1085
1116
1188
1043
1045
1036
1195
1067
1151
1095
1088
1041
1154
1206
1072
1080
1119
1087
1011
1053
1031
1130
1120
1174
1094
1011
1185
1148
1069
1003
1111
1054
1090
1036
1062
1075
1161
1123
1135
1073
1007
1145
1105
1154
1134
985
1027
992
1008
1171
1058
1165
1126
1172
1072
1111
974
1064
1123
1100
1087
1061
1034
1060
988
999
1036
1087
1132
1064
1042
1125
1092
1067
1075
1085
1146
1135
972
969
1101
1130
964
1090
1115
971
1064
1138
1070
1134
1081
1006
1083
971
1107
942
1106
1082
1086
970
1054
1101
1009
974
1086
925
975
1016
985
1014
1020
982
981
968
1069
943
1106
1027
1061
983
963
1101
974
915
973
964
986
901
1048
921
1088
1070
1042
1005
1027
892
955
1001
999
1056
902
917
969
923
933
1031
1080
942
1067
970
877
886
948
1018
956
941
1005
1015
1064
927
973
1039
944
964
881
1049
889
969
944
968
905
880
1037
936
856
936
852
965
1042
948
897
951
892
877
868
855
940
1030
859
1037
987
922
927
1030
885
984
1020
981
861
865
944
935
948
1001
909
853
868
874
861
862
961
924
956
885
975
853
982
889
830
866
888
871
938
979
974
830
926
909
996
819
991
982
820
813
918
867
913
816
834
926
869
907
972
912
884
840
861
975
932
836
891
885
803
928
968
833
960
833
787
942
821
780
927
922
872
799
767
910
878
874
871
833
934
777
874
915
867
825
929
888
943
788
870
835
874
884
798
851
819
883
828
761
836
825
837
800
882
752
816
752
807
827
811
747
738
847
788
896
863
719
741
871
784
801
908
723
762
894
846
822
728
746
774
780
704
740
733
712
892
843
871
857
824
783
704
864
777
726
866
775
845
749
735
718
723
718
824
809
855
699
719
812
801
822
755
697
784
752
797
738
838
679
766
750
683
805
840
810
776
722
667
683
720
777
681
796
731
667
780
701
836
680
739
823
680
794
748
703
835
776
817
766
743
671
697
730
723
808
661
817
775
735
642
704
707
769
793
806
737
794
758
795
629
724
618
652
665
622
756
696
767
650
749
665
736
718
710
756
604
598
720
660
618
731
790
606
610
616
727
684
733
735
719
783
609
607
676
603
724
611
717
677
761
716
587
616
755
747
654
581
744
656
728
672
612
702
606
737
693
686
593
692
589
711
573
729
654
654
680
608
646
601
684
724
670
656
672
694
565
684
548
694
557
680
707
640
590
593
712
697
602
579
656
652
704
635
644
608
676
703
540
651
546
632
666
614
628
543
704
525
521
528
523
512
540
580
647
636
554
646
666
692
678
616
531
604
684
654
673
665
512
562
675
639
527
506
619
542
492
507
604
577
516
521
533
549
604
599
663
495
591
556
663
630
538
647
489
648
652
513
620
499
610
555
487
535
619
587
494
461
458
464
480
498
549
589
639
442
591
563
481
613
479
437
588
467
567
524
583
539
450
585
562
465
435
456
506
572
487
514
478
443
446
505
504
439
603
582
583
547
451
533
523
574
435
504
533
464
472
586
496
408
516
585
519
408
589
544
400
569
476
456
500
461
478
390
542
384
538
542
527
478
491
538
493
497
465
465
401
391
447
487
437
425
501
530
383
427
405
381
443
553
359
396
422
457
515
524
483
407
456
480
434
449
493
396
343
377
447
462
470
467
353
449
444
335
497
516
498
331
502
463
422
389
365
422
491
324
388
458
392
443
473
482
394
358
364
433
502
421
370
423
377
371
348
354
310
414
476
427
349
353
344
367
334
333
377
296
312
315
289
352
477
458
438
474
282
338
289
291
406
334
471
449
451
387
371
359
439
394
291
331
411
294
301
359
384
425
455
356
358
331
332
412
395
346
449
413
280
250
338
309
312
298
270
428
331
273
246
408
434
358
305
373
298
292
344
259
424
231
382
303
232
380
314
299
252
278
341
283
341
347
305
284
396
212
246
333
311
233
337
404
216
380
345
349
385
372
297
206
336
259
249
268
281
391
371
387
274
282
333
326
252
345
198
280
308
206
373
319
330
375
228
238
282
175
172
326
252
350
227
322
340
185
329
186
330
292
202
339
271
253
282
271
311
210
192
314
290
152
151
339
265
298
197
297
231
278
168
213
316
214
191
185
174
176
240
183
262
254
280
185
235
227
156
145
171
281
180
169
219
287
235
303
156
243
206
239
214
287
139
245
216
240
255
170
286
219
104
104
250
234
286
157
154
206
157
155
260
119
88
216
226
114
132
110
121
279
266
159
209
248
86
242
105
187
259
216
150
184
75
152
211
170
194
231
224
77
86
82
102
246
94
162
234
152
63
212
83
228
167
51
154
184
137
236
187
111
107
45
134
158
47
105
61
180
216
183
168
181
215
54
128
146
118
135
215
157
193
61
93
135
29
138
158
196
208
134
204
191
101
90
169
124
21
120
180
120
98
131
154
87
21
102
125
175
6
170
155
85
2
165
177
53
153
27
71
28
123
10
7
123
166
45
89
45
142
80
70
107
22
111
63
16
43
112
115
27
11
79
11
109
152
80
143
14
10
34
58
10
77
43
43
102
135
24
15
138
30
25
106
128
11
58
43
65
40
23
17
19
61
40
117
79
0
23
24
51
22
53
74
68
99
56
97
80
103
53
40
95
86
42
99
57
5
18
3
23
