16045
16819
16377
8294
5330
6137
7783
10423
17571
19070
19488
235
12561
129
19926
9248
15261
12850
14053
17575
14541
1452
6875
8268
4929
2590
2399
12851
3329
10303
12190
13795
10381
2849
6470
8888
15883
2665
10299
1491
2983
3643
3720
10299
4155
11455
11116
5027
17096
8498
8394
2627
742
13013
9177
18224
8958
16244
2709
14949
11795
1508
14535
12263
738
18565
3126
17571
5719
1841
6462
1845
13950
16572
13017
11655
19316
8592
12903
14720
11278
8812
11015
16967
18302
3073
18754
9160
12759
5255
268
7734
11304
6966
15342
5944
15649
12534
11389
11848
6241
5827
12550
2362
15904
9504
1480
8332
11743
10201
14486
18240
14839
6263
18380
14894
13998
6222
16078
18977
14689
18688
3778
15017
6225
18372
15601
16597
5795
18743
9787
5758
8624
13506
8120
18070
1227
7293
16838
11042
4408
10237
12263
8386
16105
17303
7356
18647
5354
4705
19352
19026
13576
12750
9884
15885
6306
9753
19193
11076
7254
16490
7511
7695
19230
422
7143
10672
5103
18667
2809
10208
15454
2580
8147
7864
14759
2801
4050
8148
1998
15457
10897
878
83
8028
13856
10655
12302
16910
3070
4794
3617
845
6917
1847
12545
15447
16306
8117
19948
8736
13387
6498
14624
1517
3171
2798
17199
15423
5386
9926
4351
19463
12505
12921
6161
4139
9169
8073
7718
2631
5987
13902
3586
9340
9251
3624
1581
7489
7095
18994
17022
175
706
17168
3952
3378
3826
11243
6025
4743
4447
2827
4958
8653
12307
5193
8864
11992
11472
1378
8983
8436
10981
17706
10798
17902
14997
16753
11582
12519
12081
7814
9883
525
16569
17401
16270
19522
7505
1896
16230
945
15072
17384
7543
19668
17244
1365
6595
3668
1885
19830
6867
3209
4449
8701
19071
18274
8484
15931
18169
8553
12627
6569
5658
5388
1028
7619
12283
9761
129
18698
17211
7969
12836
2167
7195
4596
17720
8006
3785
12501
4986
6489
17777
11041
15854
16820
9126
8532
169
3126
3981
7543
16950
18503
19031
8576
12645
4826
8504
17726
9254
11115
1391
16561
18994
18643
17374
9204
22
13045
1800
14828
1483
10323
15265
6520
17325
1603
10842
4521
15305
9368
18180
16661
15765
19024
14459
1867
19257
11853
15281
8154
1763
1909
11967
3587
16987
7341
8279
9477
3329
1248
17054
8171
13710
15914
2094
7659
7212
13786
2794
2539
18933
12987
8016
1464
7327
17675
10200
4637
13600
7606
10379
7656
19436
14970
10983
856
1787
12986
10338
11929
4386
15318
2738
11148
18095
11356
5768
18361
13314
1194
8247
5276
15402
14779
4505
19093
13911
8144
14382
14041
3265
17789
15588
12530
6582
18241
14426
2285
11987
5728
13282
1718
5518
18263
14343
14545
3373
72
16477
16373
7272
14183
7018
9631
264
8032
16372
11138
5335
13218
3423
17791
17146
16403
11408
16311
1867
2999
4383
2698
18798
1729
19909
1027
12564
16915
2044
5048
2378
5126
4245
2480
10838
16302
11051
5884
19508
6920
11240
17573
11813
1171
14839
18589
17595
11828
5718
7800
80
5098
6354
2968
15065
2906
15281
12843
12153
7027
17591
10365
19900
12264
18831
17203
12027
12461
13748
10221
18484
11102
15870
7286
2703
15797
11773
17374
14751
12228
12356
5658
19169
8900
18458
10171
8294
10460
1623
9872
19137
1932
13026
18164
3420
12728
3387
18720
19047
16378
15208
16825
14557
2934
5007
18927
18527
17919
13861
18171
13944
18939
16455
16014
6081
19964
2420
7852
18329
13199
11546
16717
17914
9221
7608
10497
16709
19349
4126
11130
12716
5718
17483
10513
17670
12426
13397
5368
12082
1301
8440
10480
3280
735
18768
1612
15652
9722
19302
8699
7414
15094
4731
701
8709
8316
16590
18974
6646
795
7861
19321
139
411
15517
5842
1455
14301
8353
3484
6820
7916
7800
15257
447
17149
11695
18429
11862
8826
7167
7622
2186
14180
10332
18441
17334
18608
15622
78
3244
17103
17900
12311
6809
19193
9101
2212
342
11825
7949
5790
14073
5021
1304
7207
14617
3092
1066
6078
2648
12119
15241
7029
15654
6153
11465
18453
19034
15731
3745
8390
4651
19066
12317
16333
11217
8832
4694
2818
18082
16033
16178
575
8593
12923
8078
19581
5801
8523
19916
4826
7104
12398
2050
16786
3824
17747
15314
17579
17294
18694
16844
4429
17152
19742
8212
17612
8880
15242
16948
7863
14392
873
10536
11512
14990
14694
9776
11078
2080
5769
5208
7015
15100
1700
9531
1623
1466
5380
6045
6070
756
16393
13979
14574
12364
3455
1633
4963
4207
18272
8008
10319
18298
5634
1267
8573
7674
6419
5936
2070
14765
6423
599
11800
18603
17344
8335
8385
9810
11554
14988
10498
7201
13680
13857
5446
631
13029
6313
5407
5793
6738
3142
1167
19534
179
459
646
699
15325
19273
178
2682
19145
3758
19172
15333
2649
2745
13691
11710
1414
2234
110
19063
16322
9084
14058
7880
10519
5859
18499
17120
946
1166
467
13578
15358
8135
3771
16462
11341
5335
11929
12793
13789
14578
11906
17232
17649
2202
8533
12874
8790
2727
7812
7361
14595
3973
16792
10120
18830
11425
14937
3180
12619
3672
5885
6185
1969
7715
19555
19875
19416
57
1240
17329
2904
3351
1636
6952
7747
18250
5049
4479
17166
5278
18193
16967
19989
12622
17965
13067
14918
1481
9802
15427
17245
2761
9600
8051
1528
16609
9458
1259
19058
342
5110
5235
6439
14289
15488
14666
14934
17686
17386
17330
10921
18786
11038
7417
17161
15001
11693
2368
11462
18574
19211
17610
4263
4993
17843
17057
16173
14499
1532
3947
7182
312
17054
15299
10323
6672
17204
13091
15247
4350
5750
10209
14595
10877
14888
15258
18239
13086
16693
1062
13603
288
13547
17525
17861
13099
14963
15486
2901
14769
2236
8387
8345
1545
587
7542
15721
15341
19964
2912
4639
10972
5913
13236
16266
8665
3793
3335
13067
2094
1430
11367
10806
1507
5449
4578
364
13315
11283
2254
4606
18290
9979
6426
18505
16944
19614
527
12776
19559
7147
11375
2707
7760
16587
323
11841
14015
8317
18914
15280
17657
4567
18919
13220
18889
16672
6082
9079
8202
13255
3916
18186
1706
5149
19531
19705
18736
19847
15207
4925
6896
3756
833
1021
15939
9816
16384
7643
17286
7540
6073
4411
10262
13128
16877
10502
16938
3154
8846
14832
14049
1560
6607
6824
14379
14015
15613
5722
14879
72
130
13514
17811
11975
486
4204
12266
14023
1684
11552
10638
11211
3373
5850
12590
17721
1394
14903
12844
5471
14235
3099
13717
1329
577
5003
16059
6363
4912
19058
10528
7391
677
4332
7230
10354
8853
5203
10588
6391
16441
6807
10012
11080
17492
19458
3244
7563
11457
17733
8672
3926
19679
1849
18304
5315
11149
6960
969
3830
10636
3438
17865
5997
8834
5425
1565
8918
4812
8599
2539
10582
5203
756
13374
13276
12170
5024
3258
16896
6862
15808
16356
16867
19875
1436
15474
13697
1527
9838
8526
7049
9187
9214
13884
5881
11141
5937
2712
19629
10884
10311
14105
682
11121
11170
5826
14718
17823
4429
3710
12074
6450
6913
4271
1965
189
7569
17827
9462
31
18995
13667
2796
15779
273
16180
5103
6105
2250
15152
14081
13329
3476
13796
6926
13640
2649
9038
12154
5606
2550
3062
10782
14817
13795
16468
914
794
18057
948
10627
5250
12897
16013
11164
9611
18724
7979
18306
17503
17487
16511
16528
19432
13191
17999
11770
1758
180
12336
9336
19087
17060
10708
12631
11734
9136
10819
9694
19922
15076
687
1949
1115
6196
19175
4571
14643
10525
8383
4783
13192
4788
2620
16920
6753
7326
10958
7977
10830
6489
2608
1490
7768
11880
6062
12397
6654
14623
10799
3775
6395
4567
16889
6735
10416
13587
19528
8178
15916
10037
5277
1779
16139
18217
11406
9380
4277
19183
1792
11627
13075
2154
5424
14172
6629
12565
17984
18706
5079
5091
14894
6487
11966
1419
11227
13449
18679
10530
9332
1317
11830
3548
15101
17992
17332
1565
6929
6462
3739
2184
5821
9309
5124
19450
7940
3475
7446
2063
11269
3244
6307
18840
2232
13984
9952
19630
17572
12866
1184
6018
19913
3315
13440
1344
5637
9443
9380
7091
7588
596
18331
12561
8875
1097
3348
2339
19592
8670
1898
9611
18799
7556
18436
16368
307
17661
13395
12099
14382
14227
19606
4565
1103
15499
8904
13436
7071
19561
16435
2808
9687
17536
7864
19181
9257
6107
16224
14830
10614
9206
9321
16446
1753
928
17758
12124
4729
1095
8297
18371
5530
17683
17679
5119
3977
18680
15648
16715
12610
7078
6577
17979
8390
7830
19512
12568
19505
10813
3135
14465
13092
12017
11262
10854
3600
11886
7505
14413
16817
386
13965
16126
4809
11191
17639
13676
6638
3230
3933
17211
18142
8154
3517
12968
9680
1790
19289
4561
4594
8124
9941
5823
9404
491
6958
6580
1693
12070
9908
3274
2504
18349
4005
6080
5881
14421
5654
7600
10970
7692
9035
13977
13037
859
7144
12537
1834
17889
7786
4785
2271
17651
5794
7884
4095
7390
18807
3398
16597
9772
9619
13174
6378
18140
13345
4235
13652
17489
14299
6389
709
19984
316
17613
13495
7898
10925
4735
11471
2147
19679
5621
11173
6869
11103
17538
11351
4896
12276
11322
13946
16917
517
1977
6119
18334
12556
7381
1219
10705
19161
4396
8380
16524
12962
18882
5290
8162
13175
14215
5224
17228
14089
17548
14850
19355
816
18851
8141
9279
2699
1555
7902
5347
7985
3665
1484
14123
13337
8922
9637
5893
7469
2274
3705
18766
15819
1690
18335
16174
4597
950
2196
16796
11857
17465
13422
11463
15241
17058
9984
7810
18913
15516
19141
6671
1985
10758
3011
14632
4236
16404
11987
16804
6496
16736
7196
18814
14044
18202
19459
8767
13870
1068
3517
5675
8992
19396
1649
16653
18742
2764
11248
10234
19679
10822
18434
13936
16231
9023
10987
3022
18813
12027
16211
17145
4845
4322
1253
10667
4667
1127
4196
1788
9537
13683
12560
11343
8836
3751
11938
2745
802
19039
14246
2342
13327
17503
725
15059
14416
9705
3260
3681
6809
5660
18335
4
2224
8538
9400
2784
5483
3932
6255
15484
4455
1849
8586
6218
14156
17000
19724
6574
9363
15633
19122
6449
2278
7343
4567
17972
2468
3509
3929
12679
6358
5512
3378
8622
9761
3721
8485
16286
9666
8700
14379
19046
12957
10237
3268
8082
19723
7882
12397
12609
1126
11882
14971
8513
11860
4978
11309
12644
8124
5145
7765
2320
7152
18522
10925
11151
13943
16567
8454
7353
12197
19769
16220
15644
14355
6647
18764
9312
17861
5041
17165
12769
5804
437
1580
9676
3346
2653
3991
7185
2195
6762
1838
6465
11589
416
19570
10911
11919
4304
6301
18427
13593
3957
8602
6237
17220
15831
8868
7273
8943
7645
15947
11306
10491
12228
3378
4117
13701
5815
9724
1732
7745
12307
9921
16266
17070
6465
9366
16988
7435
14164
17767
14534
13565
6731
11831
8573
3502
4542
19293
11507
3812
16814
3071
14280
13622
17126
3108
14059
16777
19464
12994
7075
7812
19488
4344
16468
4892
7505
10455
15865
14813
17224
19729
18088
9280
746
9613
686
7158
18345
7319
2695
14977
8815
9531
14710
8609
8304
4549
17488
15919
17318
4055
9997
735
2124
1488
6566
2681
7401
12243
15201
11161
14971
15007
16884
11577
15315
16633
7943
19328
4352
10436
1684
9630
1282
1376
19526
16226
12473
19682
7275
12554
8115
16620
3645
11907
13524
18677
2288
4683
17076
17680
9470
15867
3636
17570
3437
1688
4251
3329
14431
2313
3364
10571
18584
14650
15385
4034
3412
16176
10260
1215
12538
6088
17764
14654
17236
12482
15146
233
7704
13590
6528
17865
3740
18266
10780
2644
1948
334
14179
15711
18048
11881
10948
7478
3635
9802
16282
4307
17178
2264
5894
2089
8856
15773
6482
921
19689
1052
6884
4584
8650
301
846
2958
7122
4866
14798
4541
3876
8992
6505
6356
18246
1958
1933
13313
9305
16283
17465
8443
9821
9674
16793
8481
19026
2944
684
3993
1326
11886
1347
15130
15083
14747
4555
4413
147
15027
6989
14880
7589
14716
202
18892
7184
7059
1128
11268
5607
11821
10475
6146
12541
16466
2804
13587
11431
13354
8356
17421
13558
19112
8724
15920
5181
15796
2968
8071
562
2623
17600
6572
5642
18717
11498
16955
6127
15277
17065
17408
17603
17488
16066
1924
4099
17789
9854
3526
19761
15118
8971
7354
11769
7943
5500
17173
3936
14796
2046
16742
11358
6099
17650
16237
4771
6582
12321
5031
18500
19384
15668
1028
18097
17039
11673
19381
7031
1129
13882
6733
8310
7297
3846
397
9978
19614
15035
17175
2060
14087
782
10629
15557
13492
5077
9080
10185
10733
9944
8248
14190
16963
6628
17239
14168
11870
8255
14986
376
10251
15977
1210
2566
3590
18315
649
7355
14302
16344
15002
12225
8264
5313
8444
4803
14388
12773
6181
14119
3140
972
5040
17251
9208
12392
11600
4671
8494
15063
7507
1130
6946
7036
16171
13733
16130
12244
14481
10750
3128
7340
17100
17601
19403
19147
997
6574
8652
7873
12715
8367
16681
17637
10224
3753
13233
17855
5717
11441
821
8671
15093
9012
14314
12534
6075
6376
11224
1621
5372
7872
315
14275
2084
3084
13352
2981
16259
4254
3983
4638
1001
4735
2782
11933
13961
13700
7211
3535
2973
6531
8686
538
19136
17466
15360
16489
6944
15315
18873
10901
19979
8405
7168
2565
1394
1735
15598
18981
1637
10772
12984
2827
5018
11101
432
10754
6291
1051
3912
6438
14522
15942
19588
2615
8861
14494
11347
11267
2624
14964
3796
1631
5469
1205
12541
12917
10805
4603
10510
2413
13605
1352
14390
10706
2246
15215
10538
5995
6579
14703
6886
9935
4196
4902
5079
6762
3701
4580
11263
18960
3037
16643
9834
12806
10195
6087
19409
5449
5778
6363
13123
9809
12977
18497
2129
13184
493
18036
11067
3898
19840
17473
2065
11026
5421
19665
8333
11218
9927
18552
6047
18004
18040
16419
9764
8955
1704
19402
9952
16713
8454
6519
734
9090
1290
14526
57
3725
7314
19163
2700
9239
13401
6757
3918
3974
14354
19292
17121
8057
19949
1729
4499
4815
9344
11407
680
4188
403
14427
11112
16144
6060
19252
6012
10976
503
1103
15186
14526
2142
5543
10945
11216
3809
13370
17331
9304
8977
11785
18509
3281
13081
15969
12878
6517
4743
12507
17247
3
17004
6346
15264
17198
6057
361
12778
13244
5512
15596
18380
9964
6222
7923
5426
4108
14646
16552
19695
6801
14394
12743
16507
16902
3617
8243
16220
525
18790
1200
2501
18268
7327
15645
14897
16225
7020
8597
18277
10123
14972
408
12560
3317
17854
8079
5790
16873
18446
19075
10530
13891
5878
15506
18073
8951
16431
19738
14435
15864
1973
10914
3178
19669
10823
14784
12963
13176
12359
4881
11006
3200
3737
11166
19167
10024
6760
14787
10787
848
11557
12041
16882
9078
6321
12774
4884
15457
5230
16784
6753
8262
12560
9278
14473
11712
7187
4155
755
17510
13212
3924
16198
8631
19066
6493
17495
14702
2220
7187
19204
19189
5192
3533
8336
13111
8753
9251
15142
2005
7414
1989
11953
16775
942
7040
17473
14661
12237
15092
10986
138
16898
9835
7333
11536
16410
19837
9439
588
6479
12272
7225
15255
15305
15516
10328
5785
9524
6410
6194
446
18922
7200
2246
9156
2093
243
11350
11946
14217
19599
16649
7150
3645
5799
15391
19257
3862
11385
6986
11881
7850
7967
370
10360
4016
7045
4948
19682
16330
12052
16874
4289
19171
50
10472
14720
9242
5681
3211
4343
10068
18250
7101
4183
3201
10648
7161
3911
14432
19594
16303
12907
2028
17824
12189
6502
4508
751
16498
12732
12172
19908
9935
10028
5791
16310
5450
14901
14868
778
12252
13761
2531
13320
14152
11749
199
9998
16293
4862
10594
4916
9476
4287
3344
19785
4117
10662
17902
16579
4993
60
6408
13626
15870
16435
12977
393
18751
15836
12069
5711
5622
12278
15256
17360
10372
2484
1561
17143
17672
7940
14585
10720
15297
17690
15142
1049
10301
15090
8693
16164
7523
12669
4423
17398
16542
16646
2908
3387
8569
14863
11610
19637
4380
15753
5750
3227
2152
10910
2948
9853
1915
15293
14747
2999
5466
13970
15081
1205
2190
16011
12655
16317
13822
12523
15886
12423
18206
10984
12467
9934
1653
12703
1023
3786
13478
10800
14372
13907
14478
19466
4390
8606
18561
19975
16202
10829
8126
4432
5749
2862
11336
15103
12260
7661
14575
10418
2419
2006
6753
7787
1289
14229
13115
332
4901
15803
12358
3593
4325
10883
5937
7525
9235
8196
11471
16566
8777
8250
7333
10913
19859
15195
16181
2110
4223
8312
18309
13926
6636
3878
3574
651
5625
3169
19311
7003
13269
9449
7732
12861
8282
7247
1394
4749
418
935
11756
13463
2617
1310
10054
10315
1623
3845
10596
1959
9296
9546
11772
2273
8525
16938
19461
4995
11297
18385
14434
15613
12662
234
1073
8068
5563
5980
11378
7397
5382
10067
10203
18306
6662
19899
6246
420
13238
2038
10908
15790
840
10039
14
15946
14737
11982
4578
6014
3469
18822
16703
5732
7256
11975
10258
7685
8480
5798
16307
18082
3114
19805
7008
12356
6498
12577
5168
9905
4658
9908
16149
15866
18835
6688
13767
3810
7603
6413
17840
16980
7965
9336
14180
12490
18433
16477
2069
2489
12501
16988
9659
9512
15499
220
18119
10003
65
19856
19366
18056
3350
19516
16005
12336
5802
8811
13292
19077
3852
16321
3027
12652
17893
1449
6876
12929
5789
1411
14916
11675
11540
1229
17244
9139
16514
11489
6490
14969
416
4522
10484
15470
18521
8049
18660
17468
5163
15864
19704
10648
1223
18448
6383
3744
11082
7558
8507
1418
14379
12813
15767
5230
19701
11617
18356
17788
15243
4160
11944
19294
6943
3965
10858
13038
7040
8426
4804
597
12004
11929
18491
19980
14498
9209
18153
17362
8290
11796
13823
9490
15950
12669
16907
18518
8981
12099
17890
16584
14008
8945
7340
1582
13865
698
11974
11100
17530
8107
4126
18938
18413
7327
9856
12097
430
12204
17486
13992
11260
9553
4156
10281
1497
43
19435
1493
19157
13451
10848
11408
772
17017
8169
4025
9421
13629
15605
3775
19012
16405
1319
13129
6844
3456
6660
5386
3359
10964
5556
5566
18351
1532
3930
4275
8372
1185
13079
42
6169
997
18590
18386
13179
9498
7160
8072
14389
9446
16991
14698
6712
12180
8575
10964
13521
9723
3208
15163
13455
6647
9182
6251
9619
12957
15046
1910
14335
17457
2954
15372
6701
7020
18316
15232
7312
17076
12233
13624
19995
2584
19975
17873
19914
13702
11633
16726
16822
9649
2603
2016
18515
13902
17278
14570
4756
19278
14654
2988
5821
6495
4493
1238
9937
18476
15203
1370
6639
19970
3197
18493
7316
12954
13023
12138
19380
772
2102
16559
17560
6347
15090
16388
8509
9374
17705
9038
3001
18133
13219
14861
1190
13278
19199
12959
11792
5441
6817
10857
17
3959
17886
11517
16365
7859
19219
6560
11232
5725
16462
3325
12311
14249
3159
9031
7316
2145
7956
3380
6160
18433
1871
19705
7665
11628
18648
3582
17224
14969
10054
13057
5820
8098
4273
3134
8065
15716
19889
19440
3698
11928
10363
11296
19620
2475
17487
1572
18514
3656
1116
476
9635
10606
18746
14434
6023
14158
4956
8590
7349
9882
11836
6523
9343
8168
3743
10725
19195
12167
16184
39
10770
11449
12702
15402
4876
12509
4554
9050
6
3565
6450
9788
11589
17175
11342
12293
15305
10447
8872
16336
10111
9602
12823
14544
19014
13082
19297
6531
7427
15632
13855
18294
9410
19811
19500
9086
3936
241
9755
8794
16767
6465
16351
1883
14486
9842
13701
7036
4521
7581
7880
9452
10949
13196
10540
19054
19930
16856
660
9760
10499
13237
3158
10776
11707
14238
16953
5786
10776
17446
2372
926
9488
10890
7255
16473
4313
7352
4662
3663
11068
4926
16498
4721
9833
15150
16877
17130
15547
12852
6755
4700
7890
13439
13183
18425
6014
12196
472
26
3514
13038
15977
16661
6226
3954
4808
19866
7036
15006
7170
2198
19824
10916
7025
17265
10109
5884
4196
16487
14665
1301
19589
10093
16
15756
8625
1936
13094
4173
1032
13693
6731
6615
16741
10056
16935
12024
506
94
13692
1086
16427
3719
3545
8056
8096
16884
9067
12051
13237
7425
8619
4066
14592
4739
5155
14459
18012
5963
262
7264
19016
1012
6926
12614
8408
12857
5126
12724
13627
740
14484
4351
9426
5083
10082
19117
8455
7470
16801
8245
19905
7929
834
16281
6052
7819
8438
5170
2009
13241
7456
16315
6509
15582
13000
140
13670
14376
19149
5392
727
17171
11834
5341
19247
8433
11648
19851
10390
5262
18212
8436
8839
19895
9203
10476
19307
8807
11446
18534
2120
4429
14959
7413
14770
15255
8305
18004
11565
9457
16412
4361
12436
19612
16967
2768
12739
15351
7980
4958
7017
815
3605
15224
2395
13538
10931
14455
18137
11762
10751
18028
8459
5699
2939
9660
5610
2518
17373
17252
1640
15484
16681
7282
13410
5812
8855
16177
19214
15422
12023
11863
9239
2250
3554
5062
7858
15633
14993
10045
5540
19040
9079
16716
5212
9326
18097
5202
9858
12755
18511
11435
17984
19514
12246
14148
1768
9316
13339
7051
18161
14998
941
6529
16541
18644
8494
16425
16629
16627
9849
7165
9184
623
3620
14256
5548
16356
6118
9719
11525
7608
2075
18976
11387
17620
17689
1402
13902
10302
9339
2653
16308
360
11237
6654
16775
16487
16989
13591
9685
14232
14326
19506
13340
10216
8577
18065
11851
7648
15808
19816
1590
6199
4929
19543
3397
15568
6355
6293
739
5126
5642
6243
10580
2585
14173
1997
3908
4726
2037
13438
14991
7910
11102
15281
971
8413
2757
98
6650
7314
10193
768
7454
266
4280
8263
15352
12932
9131
11678
15957
12678
2969
8073
14979
11760
9082
3495
9949
14137
4404
10367
17144
12226
7616
13767
4496
17622
16296
10696
4691
16125
6250
15349
8386
8497
14180
1325
2246
2105
10157
18187
2541
402
11432
10142
14092
5414
8933
8380
5093
2121
4207
5466
367
12093
7756
14790
1955
8461
14493
13497
680
6057
14017
13190
19518
9616
15161
4162
18695
1145
13170
16041
39
2
7590
10558
3986
17601
16753
2960
11122
12635
1984
19
7057
13117
2277
3808
2987
14491
1602
2633
19505
10727
7008
16199
5865
7174
3778
5527
13528
10021
6615
7877
3162
12335
2103
5547
3335
13801
13177
8363
12050
15107
17254
17506
13461
16372
12442
17444
4175
10363
17153
4214
18297
1571
744
16416
7808
1718
1663
11042
15362
3910
7073
5012
13298
174
16883
14466
1970
15474
66
17186
2698
17391
3015
6782
14531
10977
6989
5608
7764
15309
14426
14991
18365
6279
17302
14785
15916
14806
7260
3890
8760
5631
11231
7015
5120
2389
18700
1109
17439
9469
13643
3623
18270
7892
10233
8573
15427
7667
2715
339
17846
2773
2659
6745
8324
19735
9620
4530
10455
7293
9841
17483
8529
14751
14471
7856
9641
8978
6272
17731
9823
5165
6425
12391
6567
3519
7517
3897
10553
7556
8761
7128
10030
1325
4243
13745
13920
7842
17172
16718
13550
16471
13756
19613
12716
9525
13946
8313
258
16343
16697
18419
10324
18551
15977
14418
15147
863
19985
8940
4460
10486
283
16002
14864
6085
11964
11967
12752
7742
8449
18593
3991
18339
10796
16017
9977
17317
9230
5896
14180
5244
2762
14324
14837
18521
11563
9513
4256
2437
5911
6771
10313
16542
10552
194
11443
10447
12917
15237
15123
7533
11761
19515
16857
17531
14256
10131
18960
15304
14441
5832
13679
17822
10132
3033
14705
16789
12012
11838
7233
12851
6112
14920
17023
2098
13135
18482
17988
12680
18582
7793
1008
15934
19131
15733
7502
18128
89
1631
15334
5801
18161
13272
19748
1985
8169
18187
1554
6173
13425
13161
15711
10011
4420
1445
11326
17541
17961
2900
6931
6561
15704
8993
15150
6125
16432
2706
10298
8785
18707
50
5637
5920
9268
11946
17747
8459
12274
11175
14778
648
11253
1595
14879
9902
15828
12448
4252
13924
8627
11500
11716
18304
5323
3199
6939
12094
12457
14640
1400
13065
13817
11734
19396
11604
8124
18245
12472
4023
3800
503
14299
12650
11920
9156
18002
1143
5720
8262
10036
9789
17758
3699
11738
16344
9819
169
14148
1720
8987
3800
16083
1801
9302
14086
15048
19250
6232
12083
12373
15454
13778
5565
2656
7923
12179
18977
8695
19439
13832
2883
12738
854
1235
11267
4146
19812
7925
1296
15170
18360
12306
6396
15167
14252
10778
4511
9635
17737
15655
17454
2806
2582
854
15403
15092
16280
14757
3233
587
2893
17039
12402
14350
723
10531
7144
10039
6942
16047
4693
11413
9348
19878
7199
3196
13939
1142
2279
16225
5180
15884
8557
2838
12185
8656
13518
6722
14949
11142
8095
18032
4430
17013
5006
10699
12276
17417
574
11133
13325
329
1022
19294
5425
946
13916
1151
3825
16814
15280
3002
5267
1602
4061
309
4815
10083
11634
263
8318
16115
7353
4739
18622
7411
18381
17689
5082
1375
19255
7724
11718
17164
7094
19630
15580
14977
11588
15389
5203
14775
19705
7473
17939
13967
743
5734
8004
9391
15331
8518
17438
7402
9318
462
14027
2442
13318
8158
4177
4429
1188
17611
1068
14570
17206
2200
16795
9766
9940
134
18598
15175
149
13869
10086
10627
18347
14218
802
11565
149
19113
16283
4663
7453
7527
8673
16308
4912
13225
3222
10324
19917
4719
1156
6864
18026
18086
5647
6350
15113
17994
14420
4046
910
16419
12265
19331
1294
3225
3183
5736
16135
8673
18183
1223
3242
17458
13724
15616
10375
13554
14914
8342
7346
1507
13502
11529
7207
2558
9001
1434
10538
1878
19550
2511
4999
7801
5757
7802
17026
19474
713
191
8658
7508
9286
5493
18997
9739
1406
12891
7703
15605
16272
12575
14590
10198
1397
9699
14830
2766
2213
17825
1466
13115
1168
2195
3890
4271
18393
1282
18105
5860
16331
1909
12618
17988
19120
13243
5005
15106
12015
11902
14246
5974
5743
4121
17302
16066
11222
18514
1068
2956
19275
18733
9351
12276
11603
57
10517
8419
15953
4898
2428
4322
16418
14577
1399
10540
350
5321
13997
17774
7516
15367
953
2007
11874
10414
4653
1115
2107
17536
5570
8052
16633
12336
6511
16927
5680
12299
12671
16972
19010
14711
889
15312
2667
10293
18493
16861
14283
15111
19575
15186
13072
18654
9648
1915
19064
6354
10764
1625
9276
10598
11480
10109
4114
7054
16970
2765
10280
14304
17520
17494
3003
7156
17961
4416
26
19014
9618
15018
11547
9899
16156
15262
205
15813
11183
1191
565
17823
3730
16202
11036
3611
19550
595
2274
2798
3689
9772
8380
18788
2507
13140
19626
8209
19316
15268
16838
9725
9044
2754
18796
8145
12138
15493
16520
18052
18709
19898
6447
737
15952
15387
12105
7052
9919
3586
4767
12207
2826
15102
6877
7530
18731
3741
2404
14993
10089
7587
13504
5962
17914
9285
553
19543
11437
12438
7991
19351
14561
6457
1512
3596
1740
15181
10850
6702
12861
17443
4798
6680
17443
3813
2098
12396
9280
1482
8840
7884
10750
187
3853
12992
13781
5651
5569
10645
0
16903
13340
285
2852
5434
11036
19766
1366
10994
1072
13191
1314
2288
16926
14060
639
995
14092
5806
13743
18193
18444
17637
5235
3984
18845
14900
13971
8805
6168
6482
19499
10710
13691
5242
17510
1493
5792
16240
11567
7046
16742
7753
13088
1550
9634
2664
1344
11332
12587
3858
1284
3879
597
1865
11479
9195
13653
18923
4042
18209
3741
632
15083
9550
8283
18750
5189
6552
4770
552
16372
12043
3905
15800
4233
3857
9519
11851
11967
12637
9478
16046
6725
19864
3066
9239
3584
2664
12528
15307
18037
15423
11606
16957
7365
17991
14296
17764
10864
19768
13650
19482
3305
9483
5604
4853
11194
191
10732
6502
7554
10123
6221
18200
4642
17163
17910
17862
12965
11867
18648
18605
5766
12455
16230
5941
18634
7355
2838
10298
17253
6912
3801
3984
10107
11758
7102
13500
9461
17479
9478
19198
13122
7310
17071
9021
3792
13462
14461
12795
10981
13201
13808
18902
3418
9780
14243
4631
18891
3941
11070
17958
17523
5904
15966
10499
10216
17513
12072
1624
16942
5515
1441
1974
4556
15913
4763
17335
16285
17093
1978
10575
9546
11331
15984
19027
694
10611
16012
9667
2256
12039
11875
18223
9876
19885
10192
15477
6519
8600
65
16251
10584
19895
10485
7889
12935
11081
15953
5627
11063
2894
13237
2224
4700
2961
12174
9344
13985
1149
16433
6840
2227
7713
9828
16043
12242
18223
10000
8974
11313
6431
19382
12448
4888
1915
18182
4999
9339
10186
5753
13992
4468
18494
13747
18723
11760
12750
10286
11407
2450
16355
4287
4094
2675
4681
13085
16332
2358
14909
4061
10664
5986
1090
11560
536
7503
6492
2616
17476
6049
1589
19972
19938
9484
4913
15033
16998
16975
18570
18749
7620
13677
18574
5316
15065
6158
12779
4652
12241
12611
1866
573
8455
7425
19505
9889
6441
5985
18194
6011
992
5630
17080
7808
4947
11173
8
16584
8123
19141
18838
3566
17461
17740
3923
11567
1618
19122
11601
8557
10602
17538
2693
1574
11362
18553
15002
19933
7871
18356
17702
1138
18489
17310
16786
15038
12990
19706
3752
14132
17001
19149
2371
18977
532
12112
13897
9409
19377
8238
12141
18394
14312
683
15116
15050
14084
2685
3205
19546
17077
6845
325
17624
19876
14722
10733
4662
1481
1852
15886
19412
8436
1528
11075
5933
9979
270
6486
5737
18931
19790
1741
8317
3124
10362
19105
15247
5568
13731
7791
829
2712
5435
18417
16713
300
10730
13195
13697
18419
9995
3773
15256
10188
9174
2147
12934
4513
87
170
1462
14817
18848
18076
11593
7098
13399
4921
6520
1439
16334
14808
2328
11968
12713
8037
9895
15387
2534
13063
15686
19947
4072
4460
17086
8521
16417
18547
18855
3653
8330
13447
11820
12692
8781
3539
13870
15532
4306
5563
7534
6360
16790
16169
992
4166
18574
17426
4927
11135
15578
18184
12581
10599
9664
17997
13184
19474
1758
13087
1010
4409
10926
4400
14604
1808
6559
9141
14300
453
6668
3725
791
17514
8540
1505
18915
16494
3753
16249
19687
11213
2879
7097
3101
9876
17788
13830
8287
9214
13509
16026
19403
6977
19930
3912
3967
7065
12611
10692
531
16540
7949
2588
13229
13613
17227
14631
18557
6909
19352
8503
118
6091
10563
12016
9722
2697
6195
12464
2847
8878
5507
5072
6818
19188
7281
9953
7381
9209
17379
13099
4008
5735
2388
8079
1999
9745
14700
19634
0
12907
1557
18965
18285
16200
5804
4908
9280
9370
6641
1704
17118
8483
1191
10264
10672
12234
3895
1444
9330
7078
14879
2152
404
14661
1112
11952
5157
2172
8077
280
3958
7558
16389
11399
7724
107
4616
18192
1556
17730
8735
17684
2011
1734
15216
2290
12679
783
5329
4759
12846
5805
18970
9147
13272
15988
17990
1648
4026
8068
15226
14739
1851
5669
2983
13071
13786
1451
7716
16376
9963
11088
3467
18781
17352
3378
12959
13619
5366
18362
10955
5062
18259
17928
19072
82
11306
6106
11307
3459
1067
7597
16453
1082
10066
17590
19841
18675
8945
15255
18318
10984
6723
10276
11588
4747
2006
1970
89
12065
11048
4570
16708
19160
9970
3255
18756
10280
3690
19369
4634
17963
19886
14578
7677
8867
5565
16629
3066
12898
7121
5162
15913
6213
9556
13152
253
18344
6216
6132
10901
18288
18072
5066
8615
17643
14508
917
4031
1296
9882
12083
9602
5880
9620
5809
2435
18688
12535
18285
4301
13102
6138
2737
16804
11797
6446
15634
18824
1564
12388
5492
10454
19878
15972
8154
5725
6416
3126
10592
4642
15306
1266
2821
12184
11304
2039
4910
8708
4912
15332
5494
9207
3226
17953
18161
10508
19669
3287
19730
19706
10602
1385
7004
12355
10321
7508
14259
51
378
10673
7558
2425
13929
12269
15155
8330
13971
14038
8773
426
5997
3742
13622
3127
7987
10061
8068
6256
5911
14253
17017
8513
2763
12664
10776
19075
12019
7145
1111
19299
12059
228
3329
871
1823
8984
14657
12641
510
16522
17976
6013
2281
5915
11040
16843
13996
8507
14307
4851
11917
17631
13605
6386
5757
11805
18615
14995
18677
17731
1573
11852
15102
11358
4537
17198
16690
17799
2373
7069
3317
4868
10336
1381
13841
19887
2839
18216
8595
10237
18459
2471
3780
8305
14231
3735
14642
1226
6028
11576
11336
8859
6532
3524
7001
11845
17652
7895
4840
4927
14620
15869
15214
159
5405
18080
2946
12016
12169
14014
343
6493
14746
6987
7744
19008
8210
7645
8395
14849
13217
11513
12773
11596
18694
19033
17834
4325
14620
5576
7159
5567
14930
8152
8680
9095
3270
14061
13639
17566
17838
9267
9195
2675
16756
7861
16389
900
9366
6705
19539
7753
17422
295
7142
2578
765
3608
10784
5951
15396
18528
6454
561
9825
10390
756
11406
10236
700
1759
6495
8278
17984
17557
6568
18657
1421
1017
305
10789
3167
6997
7788
11526
10430
19394
9914
6081
19571
10779
17097
457
4585
18207
17619
17284
319
2421
12178
13025
12436
7645
12895
11920
4173
4218
12755
3221
16669
4081
6233
7153
16156
7944
5608
9749
16712
14939
5644
17575
9670
7668
6685
1936
18025
5967
9825
16908
1701
19812
15452
12984
3794
6040
19838
11454
7168
8450
16346
19840
16629
13837
15870
13777
3159
2878
12521
6853
10142
635
7866
6216
16716
15402
9308
16700
11286
8168
18507
7173
6612
4160
18830
6644
1981
17232
14171
3820
4547
7010
19465
5433
1802
7506
10903
15861
4102
9520
7286
5860
18715
3081
13922
19080
19886
8011
248
19634
19610
5887
15347
11312
18705
5783
10190
4076
12160
4501
11284
378
4013
11424
16469
5607
14441
3595
7674
16497
4508
9282
14986
6760
4494
3270
6720
18510
13693
8785
19363
7157
8225
2976
18331
2298
4806
4535
1160
3895
9542
4570
11474
15187
12842
15128
9128
19101
18177
6790
1946
16063
15790
13958
19954
7543
15402
13565
16533
8760
14849
804
11203
14825
9112
12687
17687
3905
14654
14680
13075
4483
17136
10602
14231
12117
13227
13172
9196
14654
7906
11898
14052
12403
14522
18018
16905
7751
524
2048
17905
17405
18405
17851
9214
19040
8725
7320
11445
8656
16821
19930
9423
7525
4401
14442
6765
10700
15348
17079
14321
7465
2747
10932
14603
10484
2763
10336
6481
18465
12138
15629
1774
1024
8916
16389
8820
19516
15426
3390
12797
18348
9325
17187
14924
9994
4734
19444
3954
6576
16792
19934
3919
7829
19325
16893
2594
8451
7634
14178
4683
16593
12891
12110
326
19887
18762
9832
15398
11090
9379
18266
7372
19412
17999
3471
10601
2941
10082
12471
9295
3835
14953
12914
781
2941
16950
14359
248
4066
6423
12252
4696
10010
6517
5316
10455
4614
8552
10681
18140
4940
17379
18576
6989
11882
7709
1638
7162
15833
12811
12599
18990
2380
1576
13409
6795
2682
8131
17838
2204
10813
11920
4460
17641
5965
16418
8883
18040
8813
3192
11911
3911
6836
19891
6083
18079
11785
5434
15249
14792
16864
3195
10463
18223
280
15272
3185
16178
9966
16984
14697
10535
14768
8248
11328
5795
15195
628
11592
11503
19074
2721
5224
7915
6493
7557
176
15229
18046
19027
7305
2810
14562
14540
639
86
768
17396
6422
4898
1610
8222
8988
6564
1882
4113
19301
15432
2562
17455
6248
7050
4780
11079
2392
18234
14462
4935
14009
11244
11353
2726
6466
3093
14
5993
5734
1682
3406
5064
6135
18181
7901
18067
11772
2074
19463
19817
19385
14327
5701
12681
9456
5250
4328
11813
1930
7202
5381
523
14141
7903
11411
2892
18220
8093
5764
19500
5872
7807
8770
283
6230
16414
2473
11513
14156
8206
5989
11434
13348
539
13221
1808
4222
11966
5527
150
13283
1373
15237
7205
6039
291
2667
6177
18155
11322
18610
2805
17423
9385
5684
12526
11364
17071
11601
17178
4165
2352
18159
9200
2421
12468
7675
6308
12496
6246
7476
913
2463
4789
18596
19773
6445
15242
10018
14672
7767
17405
13952
4383
1396
6014
15246
17072
9013
13696
1113
8754
206
264
1893
961
2518
9383
5532
14542
6588
10842
16415
13321
8184
9834
13179
17344
3064
16175
12100
12146
19947
3522
9509
3438
13296
14779
10061
8462
9038
4544
2527
13994
1486
14920
13987
17268
17477
3428
7624
11715
18454
10003
4964
929
7058
9955
13492
19622
17648
13655
7426
3459
18655
10010
2343
12349
480
17108
9271
9378
16829
13698
12917
8145
5952
14984
4780
19930
17136
12128
16628
5638
18277
15374
1092
14974
5506
17049
19997
6670
15279
8416
9691
2878
9977
4668
16429
12250
9872
8193
11994
7983
561
13337
8511
19375
3169
14394
8738
530
10284
9793
13387
15314
7797
8569
15927
4314
1629
19654
1050
11385
1716
9013
5788
19523
16024
4799
3916
7732
12534
10652
11325
4475
14106
6883
4568
2
6096
1072
2512
13756
10074
10548
7491
6840
10871
8514
10266
5237
5303
11213
13734
5048
7777
14753
5311
2473
3496
16107
10748
2769
15212
16282
14836
4549
1904
19832
8549
9799
7962
9523
3373
17078
2149
16709
16439
8403
13460
9647
15160
10146
12584
16256
8697
18728
13313
18185
7616
1770
17582
5137
3900
6126
19012
9967
1190
12897
683
1019
16401
3530
6302
5269
14623
3690
12586
10876
14033
18625
10183
11880
12871
8857
18400
2261
8377
254
1036
16756
10636
9414
16065
4650
7884
15621
17187
7913
1925
9314
9870
12575
1189
13261
3424
8315
6590
16088
10449
7564
3291
559
5149
10863
3212
11668
15106
4846
16378
19044
16254
13552
19616
4429
19489
11381
9965
3363
17234
15047
18238
2909
5072
1613
10388
3118
5234
10715
12279
647
3150
14936
5131
16590
13245
14894
16623
9674
17406
17138
10361
836
7711
3151
18186
3835
11913
9238
13013
16321
18542
1408
5960
14693
3609
2535
16129
4906
7919
5246
11388
8408
12058
8203
18229
420
13836
2295
10954
2258
12179
7
1632
16590
1018
1418
18913
13396
5473
13580
2328
1062
13229
18298
51
3112
956
1240
19519
11259
7677
4473
8525
12819
10941
3507
5477
8776
3339
10780
18936
7206
6892
19268
3890
19426
969
16554
10864
13742
8750
6727
6665
18829
13606
7552
905
6031
11195
15214
1984
17014
8380
7045
6037
4834
12032
19116
14366
15001
3342
8657
1933
8198
15300
937
18741
15333
18700
1798
2147
17190
2750
2812
2350
14104
6155
10927
19468
3994
19724
13121
16065
7031
5344
12302
15972
10822
10263
18222
8047
9427
10418
1925
8265
10244
17812
17209
8042
6527
656
9534
7417
722
7261
9719
17970
1959
0
271
1400
9032
9322
7111
5823
3392
12518
16521
3776
14469
6877
17103
4512
1300
1648
18947
6116
19006
8945
7093
3725
6284
16186
4347
19527
9959
19300
17142
11805
2617
3869
17177
7639
12843
7207
5695
10469
11603
2568
10442
14708
8407
15225
5260
12358
4813
6790
11982
14872
7471
8971
16957
3496
1661
2536
2092
16687
2000
17881
16752
1631
18720
8904
471
16272
18521
10770
3152
17737
2598
11023
4917
11897
18717
19170
4958
14520
5385
7256
8867
12445
3273
4442
3762
1588
19460
8336
7552
9223
3057
17832
18967
1775
19830
5866
15333
17855
14980
3035
14309
11435
12208
3970
268
5547
3155
19049
18172
16203
62
4864
7593
3949
1316
7512
7762
17812
12976
10435
19175
9007
14359
16364
18769
14525
1086
1247
19585
757
19998
3049
17498
5233
9581
17463
18570
15366
5824
14153
454
18210
10620
5414
16919
6736
14809
1292
7542
13822
16145
9326
6293
1422
9121
9753
5066
6965
12366
8314
12387
15208
11138
2698
5236
2863
17338
9976
15720
14631
18657
6234
19369
7309
19750
4654
12882
2396
10484
11481
9627
19726
10413
5370
9065
12093
335
18397
8276
4709
5834
10931
9594
19043
9088
2822
15623
5233
12520
16006
12899
18210
13666
11859
12445
9628
3585
8612
9647
14428
6693
579
16755
16405
3068
14263
16243
19898
10354
8076
7348
11660
16827
19282
6958
13625
13808
8277
12148
4049
10391
14601
15444
3442
16099
9996
403
4512
1883
10099
930
12015
15848
1843
19036
1736
9203
7500
19411
7378
6302
17405
13509
7304
1519
17700
1329
9451
18472
14026
18342
6142
16012
10080
16245
18082
1294
18080
3826
9412
18032
3702
7241
19916
5597
19713
6579
18926
10388
15729
3534
17525
17802
86
2422
11604
516
800
4547
11316
9331
4722
3207
16351
18435
11201
10812
17494
2830
12713
19659
19997
2259
5213
3406
18578
8941
1317
16147
10363
1503
11201
13289
18028
462
5625
8690
10420
18275
17899
8264
15918
8369
15270
6149
6998
8627
17661
11804
19200
4796
16540
3129
836
13100
2486
10601
13487
10313
12724
1772
406
18298
10665
7133
4960
15310
854
2125
4765
18923
13008
14089
2002
8261
6847
3516
16220
6265
8093
8065
1212
5660
17589
4872
3659
16641
5805
13743
16572
3269
17081
14878
19679
11028
9573
15175
9638
3214
10034
7366
485
15812
16082
17404
2393
8871
6792
12986
11274
4887
17880
4730
11039
18500
12243
19555
8444
11652
9218
12667
15511
3338
16128
3664
5100
14896
15865
9650
14207
238
6987
2340
18682
1546
19476
4164
14104
17845
2540
387
7265
7476
1015
3311
12425
13566
10887
7545
6452
9605
14211
6595
9888
5132
16570
16146
16298
5073
17920
7042
19860
4709
18729
390
12530
10131
3521
19029
7930
7073
17453
35
3919
18160
18378
14783
14466
12571
1334
7304
15941
12552
12509
7912
1057
2941
12226
11047
18837
4854
9431
2092
18726
14465
17246
651
11710
1082
11880
6811
14724
2925
3086
13949
4410
8138
6386
16722
10743
4713
12080
7460
16607
18295
15142
375
9061
18948
12535
16977
8461
2622
10009
18622
15140
10854
12181
19726
6529
19004
19013
599
11077
11110
12930
9612
8902
5000
9127
9081
9296
5585
10510
7534
17974
1495
4909
17502
15433
14652
14920
9410
14292
5450
9273
12104
16573
12625
10466
5547
869
169
11719
17925
11745
19651
10375
15578
2368
2877
6535
3131
12529
12725
11832
6254
16507
6931
5030
8017
11092
4917
17014
6441
10568
7126
9486
15637
13932
15222
15722
19886
3388
17283
2888
11148
8001
3278
5664
10786
10482
17168
11689
17707
16896
15639
2183
10171
18845
14309
16830
8813
18429
6960
806
3839
10246
13529
1467
5646
6611
17306
1003
953
16486
8780
15783
2058
9934
9128
14324
5512
1438
2445
19230
10565
17318
6067
14685
1458
5172
188
1818
17875
2760
14745
12806
19330
202
8112
16095
13732
7274
13700
11185
18405
14105
17757
10821
1851
11736
19578
5839
13005
11573
11848
17973
10020
11213
2137
18765
4344
718
3322
204
12805
19756
17708
148
13481
15976
3872
6886
14899
14047
3967
16560
4103
2087
15557
6532
13014
7680
10684
16784
17955
17433
14918
15065
16604
6118
19893
7502
19389
622
17563
17128
11871
12851
6573
17083
9442
940
26
5039
16055
5835
4129
82
5308
11294
15791
11027
2842
4796
9641
6443
11573
1771
10308
16737
2404
11410
9893
3785
1924
10648
13322
14724
6311
3425
6020
10396
11667
14861
2914
5027
14344
1190
2283
16764
6012
12280
5914
14638
13099
9653
14745
3411
9648
11192
5146
13967
6246
11897
12270
13878
4685
15626
17533
13286
7150
2684
12044
9083
1399
7784
14449
11356
17169
9451
8916
3568
10664
8053
6048
16859
5595
5863
13260
1778
14470
14955
16665
2687
19282
12016
3285
13996
18840
10315
805
18424
18783
4684
122
10896
9935
5816
1868
18081
9395
13768
12563
15395
13759
8621
12641
17970
16528
13191
7131
18147
12241
2641
17003
1364
17618
8539
12046
18421
6650
1961
17253
7430
18772
16153
142
8515
6241
465
1229
12211
14096
2529
1340
6296
3171
1595
6512
18990
5881
16130
2492
14329
2681
16883
5267
16320
3149
12171
9758
13725
716
15842
19199
7619
6671
8597
17366
1216
10917
8347
18252
13087
12822
10561
10521
17947
1993
6198
18071
10508
17500
14578
15939
15528
6620
15330
4845
15652
16680
13109
2617
14915
2211
17872
10022
16925
2915
3325
9891
3723
16337
18374
12570
9637
976
18079
11508
8794
11334
18120
13977
16554
19353
16961
17998
2013
10026
398
9107
6798
16857
15398
16512
7114
2397
6423
14487
619
18536
12314
4623
709
2662
13757
8944
6228
4990
14410
19275
2707
11897
8506
15709
4288
8780
6446
4702
1081
1088
12925
3775
6706
17625
18901
18103
18870
10441
18393
19979
16741
1579
4929
12322
18309
1140
7365
6635
7781
14388
1657
11266
3320
4998
17617
990
11900
9854
19450
9929
3899
6881
16392
18691
12202
18455
16312
14084
10019
12058
13029
19709
2858
5097
289
4308
1991
11452
19285
17004
9914
4413
10588
8484
3319
10074
18152
16194
10619
15165
8764
3668
5343
19409
14978
2702
15489
4357
4489
14162
13645
3977
18594
16468
12058
6505
18578
3737
2150
14919
5499
17326
19439
7342
4255
16268
159
6237
6540
705
13161
2294
18190
6191
13783
4308
3315
1646
2047
18876
764
1133
5701
5364
18009
9516
10436
9952
6211
17890
864
12694
2031
9925
14528
11346
11609
10026
3395
3760
17366
6837
8476
15200
18872
19583
911
2883
18144
6277
14661
17928
10280
14009
10938
15136
4187
16997
10306
1199
19720
5148
17467
11021
3365
10399
5535
17298
18881
5111
3355
18045
14148
1001
13599
17931
12001
8182
9230
13470
12825
6974
9669
11703
4539
10884
5186
3881
6499
13983
8124
9981
15636
10351
9530
12314
13195
2779
8282
4862
11520
1180
6330
10227
18857
13233
19435
1809
5350
16366
11957
13254
3506
18381
19822
505
15223
8289
14787
13412
11838
16843
5964
13222
1690
10145
8463
15917
18330
19069
12340
6960
9848
17777
14878
3196
8284
516
10641
12319
4521
8624
15214
10105
19137
12083
19690
2129
14784
11835
18148
4894
13262
7592
19130
18700
1636
6406
2452
1426
4737
8426
7120
3919
12577
4217
1116
54
8135
11526
6698
5396
11930
3956
1946
2893
4870
5505
8772
8504
9855
14212
17463
3857
14508
9448
10471
12363
6567
7644
19533
11937
5789
15642
2017
1337
13206
15146
12497
6645
15792
19716
1732
19457
10172
13930
14585
7236
695
7488
11576
5566
2121
13793
6840
3010
5202
13092
4988
19163
11258
1306
18482
7324
1710
2511
15275
13417
16214
6095
13522
6934
7537
12459
7347
8179
12468
19445
3264
16320
1117
13455
2779
18514
11555
19733
19918
8762
2824
12429
16635
2135
18410
6936
17533
5665
11084
417
1983
15824
12304
11935
3502
1928
12852
109
2002
49
17809
9299
17824
18442
5508
18114
18145
2206
9673
10637
14201
15932
11630
14827
6441
6351
1247
10141
13262
17534
5457
7361
1732
11643
15828
5586
17600
2349
15912
9676
5220
17756
15681
7861
16039
61
8867
829
5831
15121
14799
12210
12155
6991
17934
7235
2161
15684
13798
13894
14903
16863
1655
17173
239
8135
9181
2641
1322
2811
18176
6265
10284
16254
1591
16352
953
5777
15403
10396
10069
7179
7133
14034
16152
1617
661
5160
4771
1344
5209
19555
13109
7058
12277
14207
5101
2132
6804
17161
3586
13765
13110
18634
10735
11942
15185
3235
2848
4560
6080
7515
5614
18919
14461
8316
7527
15554
9273
1432
941
1648
14711
17315
8704
16533
16072
4400
8895
4633
7995
7274
6221
14975
3963
11338
13792
4800
19307
18114
16073
5924
4392
13801
9286
1028
10702
8298
5744
16050
8934
4122
17614
703
8111
4875
10840
4884
4669
222
3397
15851
13239
3254
9108
5773
16992
14676
5292
280
2843
16945
5742
6297
9901
6546
11145
7450
6496
11218
12278
3402
14653
13757
12495
2278
6036
5067
11568
6405
8509
5460
14751
10137
349
11835
15771
11452
13598
6608
6193
19694
5580
2002
2696
17287
13199
3484
2328
15705
10800
720
13930
16387
8044
7390
7493
11886
2797
7487
17767
7229
8010
8299
2179
8610
7323
1828
291
5091
5038
12009
2647
93
19525
17824
13958
11759
6762
6782
2192
11823
656
11582
4298
2622
10032
1972
7272
4088
4258
1353
6932
2853
11636
17172
14740
17161
18820
7924
6989
14384
13615
13781
8093
5600
1195
5057
10133
9787
3479
5593
9952
12554
15075
16624
13260
5649
16055
16935
9621
7069
10969
2700
8284
14691
7447
10493
15042
6747
19505
1544
2094
12268
11048
3219
12081
3465
6175
695
13651
19964
5436
14777
9060
836
14639
8886
16053
7578
14229
4246
12281
13429
2226
9096
11577
2499
1652
10829
9601
18665
16201
7214
10562
19616
8771
3270
17061
6915
16280
6676
1835
5374
1735
4268
19961
9272
17981
14849
849
4285
8339
15704
9417
19366
2282
6018
13650
18095
15649
14406
545
2879
7636
15739
17666
3344
14754
1963
18777
15887
19345
13376
341
13748
2888
19198
11209
10153
17971
1669
13419
14046
5092
3886
11741
12214
1147
13365
19035
19800
16617
13457
11293
14099
8545
13116
19495
14747
12890
13595
10060
7818
15880
2049
19277
867
6226
19064
17035
7629
18657
14618
10331
1446
16031
4113
17060
2119
6282
14646
7300
9497
11736
9947
2497
5776
1726
7359
10916
19976
15676
8465
15340
13091
13450
12053
3801
15357
18124
5180
1688
10330
6119
14411
3641
10503
1474
7061
17944
19361
10928
9557
16177
12606
9725
19717
8625
15112
6238
1391
11327
6379
1522
2136
1754
8025
17203
6264
4466
8936
8702
11275
9214
16783
13731
1278
17364
13978
7093
18432
115
5030
5316
1859
5307
14445
2766
8535
11920
15980
17894
6997
19899
4498
4707
3668
6638
9364
9441
17550
3963
10053
15482
13970
16275
2709
12145
3761
12342
14449
13038
6358
1008
5530
3772
2858
7252
1855
18125
7449
1385
17210
8613
288
5955
17570
3312
7488
6644
17072
9046
19097
11071
913
8297
17814
3130
18680
17659
5703
12807
11261
11183
4490
10727
4902
4201
2972
10107
9230
7652
4557
6745
13676
17181
5880
17437
3460
15825
14098
13059
16809
14887
974
9817
3592
3216
5403
2322
4558
4830
15240
16181
16942
13467
1642
13907
14092
19213
10609
7611
5828
19599
826
17863
18950
18473
3613
19251
8526
4692
746
173
1781
10173
10859
14531
2495
12890
14039
11735
15272
2733
12760
9867
3757
11277
7866
8177
19531
11757
7807
19530
14804
14376
5320
5268
6037
3261
17286
18745
5033
180
2422
8007
13884
17749
307
7207
16211
11990
12669
2019
8947
3338
6250
19841
3138
15768
4592
13443
3723
17396
6024
5690
14171
12454
18730
6798
19221
18453
4512
6276
18188
18575
13750
16206
3587
6397
16436
3056
8578
4828
6807
14798
15369
17008
12225
4541
6188
2129
12468
13327
3770
13180
2200
3627
11791
14220
13202
15542
18730
17414
7432
16747
14374
10497
6898
14791
14125
19524
14479
17945
2542
5629
13128
622
2127
11457
15458
4232
11826
19197
10018
5440
17770
14535
8379
3376
1711
8316
6252
11087
13918
7833
13134
7041
7408
3348
13519
18012
14141
11894
16830
16905
6623
11298
2454
14093
15414
13951
274
7789
12385
8300
11456
1178
15769
8412
839
9157
7361
11457
13642
2773
6003
11649
5120
14916
2521
2178
16827
3393
3001
10020
1944
19894
2320
19569
11480
3604
5191
10490
12204
13323
9935
13440
15056
6461
17824
7110
9770
15878
104
8856
11861
7824
15220
14175
1637
988
10963
14638
7316
12090
6290
8759
492
5939
18222
1428
5244
7498
3347
5341
13043
13532
15463
2717
8832
1089
15422
14231
14320
13169
13470
17285
12273
19664
19485
16121
3720
6925
14825
14538
7411
16688
10201
19272
14493
3965
9154
9381
5370
16982
13438
13565
14156
3063
16261
17655
6540
8453
8864
2799
12049
7764
1544
16228
16189
964
3166
5415
14607
11326
15357
16046
7449
9853
5102
10505
14520
1343
18918
17551
7374
7804
9966
11189
1129
8287
9033
8736
9418
13285
5418
13211
9008
4727
84
19442
19452
7561
6414
11411
11006
19416
4618
12149
7491
11562
19998
3384
5491
15371
13466
11062
112
4856
2124
6244
2681
6280
18480
12394
18218
19879
17453
8582
13132
17003
10007
17858
19598
15978
8116
9251
18258
1334
9009
19797
14598
1354
12133
6012
13025
5593
10115
5130
13063
62
9141
4678
16345
18907
3840
69
7569
11855
13213
19638
1862
1416
775
1321
12535
18217
5454
9118
17023
3372
12635
14502
10595
4788
9193
18552
11819
6428
17957
14684
18996
10327
7830
18855
10566
9555
1032
7285
10174
14484
11743
8726
6318
16081
473
13128
2533
14042
11957
10281
15554
12143
17707
12890
15166
15811
11843
2920
1733
17995
1828
12969
834
9447
10981
11503
4753
4546
7772
12822
8482
14847
4977
11042
11105
3655
3346
3364
16732
19602
19628
2425
7849
11594
5929
2448
15645
7540
11572
8661
14272
8509
8416
2928
9622
9087
9739
18439
9474
8823
383
5199
15898
7286
15010
9356
12012
10031
18610
3092
18707
17871
1519
14315
17581
8323
8639
4796
15163
7965
10040
17762
18574
17312
242
8248
10944
8891
10022
12789
5514
22
2161
11544
17624
2023
354
14954
19962
2484
491
12407
18240
13423
5578
18536
15017
4274
12603
18618
3008
16951
19049
15967
6846
10101
2244
17861
11777
18514
16545
16317
11227
17098
6062
3308
16719
1279
5235
14305
9150
15147
3401
3226
3046
13933
15015
4969
19813
10917
11191
2039
18233
3699
13566
5386
8830
54
6234
8674
13890
15663
703
17317
4655
18673
17294
10619
16506
5903
8202
14934
14473
18204
14657
8285
8035
16341
3742
19244
13321
19050
8816
3149
10571
15566
19318
9699
16755
5715
1482
16608
851
1757
15297
11425
14479
8183
19647
15181
16158
6249
7917
7876
12414
17199
3650
19687
7237
12339
13872
18702
454
13185
7741
6252
3496
6254
18851
4497
4424
3224
15408
6154
2291
2591
1238
8638
17948
14559
1000
8814
16910
14871
14144
12574
499
18669
3557
3476
5521
19491
16718
6616
15687
4786
14221
8084
16247
3705
4622
8957
16738
6763
11687
12954
9999
2278
19088
7570
2884
16901
19555
13909
17447
14331
17881
1251
3937
19812
17944
14781
103
9203
16121
1068
6198
9756
10574
13609
16530
3709
1168
16827
13154
11667
2733
508
6756
10137
6171
5132
1506
14690
5087
18353
9569
8024
17672
17320
15515
188
19878
19882
7893
6435
15207
15062
5883
1273
8363
11059
12872
13796
16531
13835
116
17394
15485
2786
15186
9229
4344
17535
7558
6442
4712
13464
16720
3150
17467
12104
17600
4089
7892
6934
177
4449
8318
2540
7574
1170
18786
17435
13286
12108
19954
17255
6223
11137
9337
25
7951
10996
9778
189
8709
17792
14583
17154
4484
19816
18167
6530
14937
9787
11297
10476
11063
7916
16833
9103
15548
14466
8275
13099
12379
2774
12724
17970
15620
12886
14115
9872
4175
11535
11032
9303
6004
1366
5275
19980
10149
603
9392
10295
12243
11517
7606
12084
7001
12513
4724
10746
14038
8682
16575
9096
1084
6286
19070
5581
2539
10473
16766
3218
16299
3863
7556
8662
188
2598
12393
1248
15051
1658
3272
7021
18114
8845
6919
15723
528
16769
3582
2480
3324
8582
19460
989
1095
3141
7340
8840
5394
12842
4886
7445
3247
3054
3532
18241
3182
7457
7473
12071
18879
18536
1170
9143
3761
12613
3644
12116
18172
722
5149
17896
16175
16371
5399
13861
6899
13179
18130
457
17457
12600
9238
5030
6791
72
8340
16214
14274
691
13767
16080
8142
15588
4041
17002
11904
19660
851
3668
18601
19065
14159
15519
6666
17271
10691
19383
17104
17902
1956
13399
9726
17523
16991
18647
15988
6187
1109
14860
2274
2529
18292
16941
16690
3963
19235
16924
18605
1408
8467
8104
14708
19883
14842
6515
14355
10978
15583
7392
15144
17769
16310
1144
2532
545
8671
3820
255
4711
479
4057
13281
8000
9933
16703
15872
2860
4593
13618
19703
11805
18264
14868
1455
17439
18992
19600
5031
8379
14997
177
12002
1036
2756
11500
16398
8509
14265
5559
13528
12808
13240
11907
9544
11448
4590
15455
10262
5831
19073
4558
11666
18755
9345
17472
11383
982
316
14134
5354
19191
15459
17935
133
18831
9107
4299
10323
11240
9540
3189
16329
6042
17695
2219
3471
6088
11909
14977
19859
18194
12580
738
13765
19795
12615
19961
8139
2245
11990
1467
9272
2407
18276
9492
9694
10866
5874
10752
9926
4611
12255
19042
18111
3075
9359
18652
8369
11762
590
4810
2758
7002
4680
5131
4101
17645
19208
8115
15267
18501
853
17258
8834
17396
18910
9431
15143
6974
6674
9552
18538
17965
19658
10570
7505
9155
4896
1431
6234
5335
11738
9675
15833
15103
10956
11935
16683
12507
19253
16685
13415
4568
11522
2228
1649
11053
12885
12772
18325
14225
18556
16823
10382
3766
4810
9362
11203
15683
1057
803
12208
13237
11497
19097
11489
19354
5575
11366
18840
7741
13280
17841
7660
10435
19266
6034
14249
16094
19381
10277
4419
13208
2070
17654
13680
8932
2247
7241
18568
643
6496
5009
15464
4389
1824
17356
11390
18388
557
6712
19253
12739
18049
17354
12616
3330
10282
14273
9197
2666
9974
8716
11392
11918
522
10091
1489
9303
17352
2354
16508
16683
7444
19129
427
2466
4034
4986
13827
10672
6466
2019
14972
10831
555
11470
10387
18440
11751
637
9874
3913
19167
12300
8063
2102
2964
662
13048
18598
17017
1164
601
8867
5162
9751
616
9217
12708
1887
11631
6750
19170
2119
18827
8153
15761
5864
9397
9314
7383
19249
3145
7209
16623
7718
8996
213
19192
9176
1207
17283
3429
12990
7761
18915
11327
19279
13110
3698
9631
17128
7259
14965
18989
1937
13926
7894
14390
8516
16565
359
6535
18469
10249
10547
5087
8164
9571
788
8737
16566
15623
15506
15877
11047
4450
3169
9756
14758
13068
13931
6324
6047
6025
10764
13128
18270
17954
17480
4651
4218
19038
16319
3277
2102
1450
16990
5069
5979
4459
9198
14566
14045
15226
19589
15176
13712
4470
2807
17766
16385
6221
18634
14114
6314
11916
9618
13171
7066
17208
5526
6716
19636
3174
13614
13701
3748
12465
14659
19937
11652
18825
13563
891
16207
17132
10335
14420
19690
18778
19606
10942
14168
5586
7390
8732
1281
10920
1247
19299
19109
19936
14728
1031
12883
9596
1076
15996
17927
16386
1051
4711
18700
12765
1360
11283
11085
1581
14316
1736
7371
15120
16584
14855
18986
3612
3665
2257
10169
446
13571
4166
13581
14614
16500
4958
4665
18786
2240
13836
16280
14702
100
11606
8378
4630
16171
7206
18729
18407
12153
11021
1833
2941
17399
10411
3473
19375
14695
12164
18350
2577
1232
11372
8293
11244
7985
16285
11289
14225
3788
16253
11841
5222
8276
19499
12230
4011
12902
5244
3912
6695
13096
10224
8648
8780
2779
2547
8716
14194
15358
1087
13009
19992
3245
13427
5260
2411
7156
14517
2442
8886
4766
5539
12994
8841
13817
3405
13778
19404
214
11836
11075
10342
15097
14873
16072
541
17717
4365
1830
6011
9810
2068
2094
7347
611
12444
18722
13220
6449
9680
13989
7975
17433
761
14641
19453
14421
2394
9634
1956
10627
10616
14938
17397
6287
19190
17245
2967
1171
16051
8163
16779
15048
8523
9614
7962
13076
12475
17226
6249
18899
3249
19243
13448
2530
16324
9928
7359
13084
7701
14904
12310
13216
2926
18268
9870
17498
11792
7791
17113
2516
6274
2421
17653
17047
19751
11076
14803
4921
5973
8260
17034
7450
2876
8430
19629
14282
9765
16054
5010
9006
1979
19126
11819
13025
7943
8364
3907
16929
10929
19498
14962
16276
17710
18426
15973
13136
834
11779
2515
7337
14432
17669
8161
18864
4432
2314
7166
17844
16143
15048
8976
19271
13378
997
6103
10404
11815
14312
8183
6943
17242
18005
15712
2982
16118
7601
17433
13172
8462
12137
17753
18660
7216
11541
10555
11818
5226
18005
6748
8733
6177
590
13431
8622
3105
15442
9368
15708
14621
259
18548
19946
5069
1020
10515
18494
6368
5305
9795
13978
10193
11821
5096
11241
13010
18732
18741
17911
11011
7104
4522
6758
7147
12262
12722
14547
8068
12676
19797
18684
11306
7794
15154
14039
14872
140
3554
10982
14986
3693
4983
9696
9993
6271
6244
5377
11596
15944
14170
976
10463
18624
17473
14736
1768
19134
3165
8917
14911
11850
12444
12993
12268
10118
11554
19727
14093
14686
6904
753
18501
15783
3600
16117
2946
6660
19811
10577
1788
15720
11332
3760
10733
13778
7624
15443
19555
14902
6879
18329
2409
64
15187
18467
17115
10862
6132
5967
16903
8583
11351
16692
1429
14631
1768
6965
6551
17516
4597
4370
8182
8040
3779
12206
19249
7303
15517
17833
5654
15657
5774
15899
6943
5766
11061
18943
2742
1278
8773
17214
7917
1030
9122
12951
8731
663
13733
2737
18609
15883
724
14269
7911
4302
4020
4242
4143
18267
5294
19453
424
7093
3976
4214
10754
10139
4523
16449
15250
2574
441
7692
3355
14492
10898
17493
3643
8969
17126
7580
9661
4103
4985
16966
6178
12622
19506
13511
5314
16998
7602
2590
660
12884
14381
13530
13660
7481
7294
3652
9769
1962
18862
3904
15745
13140
8406
490
76
19264
5901
10071
3297
18141
6399
14126
11713
18386
6548
11929
4974
11551
4532
5808
14203
333
15680
4206
8946
6211
19238
13264
15413
7915
15785
5191
10611
19432
6059
5511
2684
3365
5964
11291
17268
9338
15063
10935
15789
10390
11055
14071
5631
9174
300
19626
14939
7989
4028
5677
11079
7958
4000
3450
11303
10974
13611
16138
3092
5542
9593
2756
3826
12449
18612
7679
1868
4733
18700
8948
3231
18122
4711
19220
14350
11077
18709
17565
12697
4567
13357
6817
4531
2366
6605
17453
19790
18800
19080
5166
15175
18805
2958
1194
972
11986
11048
12531
94
18846
10218
19595
8715
